#str         HOA (kJ/mol)          error (kJ/mol)   
0 20.7164       0.0125147556
1 28.5713       1.1116068542
2 31.3843       0.4742514436
3 20.8693       0.0406326042
4 27.016       0.1344498246
5 29.3787       1.5717600255
6 31.8248       0.7077156928
7 20.8897       0.0468065238
8 26.8815       0.3323158776
9 28.7204       0.9424682912
10 31.6329       1.1350853162
11 20.8601       0.2038131298
12 27.0314       0.2452559885
13 29.5702       2.3874146655
14 31.4029       0.6010178254
15 20.8332       0.1601732519
16 27.2479       0.4674076617
17 29.1979       1.4478940662
18 31.639       0.3109678756
19 29.1238       0.7246295703
20 31.7347       0.4765760673
21 29.7357       1.5606356702
22 31.6856       0.4005829488
23 29.3678       0.9820607906
24 31.6193       0.5258437089
25 29.3446       1.1237284564
26 31.3564       0.5142021865
27 20.8637       0.0627420021
28 27.1311       0.1689001528
29 29.5446       0.7891485797
30 31.6758       0.4604671247
31 20.7219       0.2458414536
32 26.8888       0.3103558885
33 29.8037       0.9206608741
34 31.6134       0.7651769397
35 20.8946       0.0525741789
36 27.1201       0.3783730808
37 29.2553       1.0116818024
38 31.4398       0.3491659457
39 20.8042       0.2046828979
40 26.9396       0.3339554529
41 29.0139       1.9739907639
42 31.2313       0.6495189348
43 28.8889       0.6239607602
44 31.3083       0.3659439265
45 28.9021       1.2417389924
46 31.5559       0.3844809966
47 29.3949       1.3574798513
48 31.7884       0.5151284536
49 32.9981       0.2107057882
50 23.3384       0.7625971466
51 30.2927       1.3865308503
52 34.0742       1.1627522508
53 29.1269       0.7783757704
54 33.1659       0.5770698536
55 30.4096       0.2371485085
56 34.4278       0.6262004731
57 28.4244       1.4073209770
58 29.3734       0.4998211390
59 32.2141       0.4004944706
60 29.2569       0.3848285321
61 28.3932       0.6370237478
62 31.4012       0.6586960229
63 29.0379       0.4557762049
64 29.4171       0.5459486944
65 32.1262       0.3935781851
66 28.9401       2.8746441453
67 33.3932       1.0674783598
68 32.2935       1.0016061294
69 31.0051       1.2942553288
70 29.0017       0.4825466417
71 34.1058       0.5274468469
72 32.2958       0.3906660156
73 31.4953       0.5816970368
74 30.3056       0.1930474217
75 34.4791       0.6067771618
76 27.7103       0.2136644210
77 32.5282       0.4744089135
78 31.1197       0.6653833682
79 30.4121       0.5101851310
80 31.4269       0.3007743040
81 27.4834       0.6249703346
82 26.9967       0.3037138346
83 31.0338       0.7099779874
84 33.8054       0.1960504219
85 31.523       0.5574263006
86 31.5845       0.9741017892
87 29.1592       0.4301605656
88 31.6899       0.5350802026
89 32.26       0.4418793417
90 32.2616       0.7755906004
91 28.5541       0.4832497254
92 31.5467       0.5886636261
93 33.9498       0.9546887811
94 29.9113       1.1485629885
95 32.0126       0.7514437612
96 30.4059       0.5178672371
97 31.7399       1.1809674933
98 32.0126       0.6608858597
99 30.5933       0.5126992994
100 31.6326       0.6214427360
101 32.8259       0.1738066675
102 33.2692       0.7102089203
103 30.1494       0.2158993296
104 32.2831       0.4303293202
105 31.9697       0.6334271889
106 28.2848       1.4837527456
107 32.2786       0.8860594932
108 28.7077       0.9299348450
109 28.5694       1.5716205896
110 32.7319       0.8375961353
111 31.2835       0.5174137831
112 31.0937       0.7247385125
113 27.9546       0.3432894083
114 30.4431       1.0791822433
115 34.9726       0.3053390906
116 31.6492       1.0058362560
117 30.1873       0.1887786476
118 32.1053       1.1097635054
119 30.2932       0.4081324777
120 30.2989       0.4636828619
121 32.2046       0.5286024783
122 33.6776       0.3878685227
123 27.9405       0.9874290936
124 29.5232       0.3927269862
125 32.4802       1.0925587277
126 30.099       1.2561369566
127 33.8756       0.2968386428
128 34.117       0.5089993916
129 27.0835       0.2020083864
130 28.8506       0.7142346924
131 28.2586       1.5831384432
132 29.9986       0.5144689001
133 31.9328       0.6214852126
134 33.5358       0.2050510680
135 34.8768       0.3876882783
136 34.1265       0.9560838465
137 29.3184       0.2217425038
138 31.0203       0.3957691043
139 33.1775       0.5392689933
140 20.9302       0.2082727756
141 29.4077       0.4752742875
142 31.822       0.3747755968
143 30.3659       0.5784790011
144 27.5113       0.3772827170
145 33.4771       0.8663201018
146 31.6191       0.7713852830
147 28.9629       0.9079112594
148 27.9071       2.3307392092
149 33.4536       1.2184225670
150 35.1422       1.1637023532
151 34.6622       0.5908491530
152 32.9043       0.7687004856
153 35.7091       1.1055103510
154 33.7903       0.6650796527
155 32.5657       0.7858142650
156 33.4625       0.6465463921
157 32.045       0.6379101496
158 34.3426       0.3786720566
159 31.6331       0.8930529494
160 33.8374       0.3359606483
161 33.9202       0.3406876892
162 30.3519       0.4001846018
163 31.753       0.2240560815
164 32.9662       0.3769479949
165 33.8049       0.4476630726
166 30.9376       1.0807156862
167 32.8219       0.9777924230
168 34.7593       0.6390764873
169 34.0582       0.4822253925
170 35.0976       0.3817948398
171 34.7256       0.6942494815
172 35.825       0.8176790490
173 34.26       0.7637997437
174 32.963       0.3772077598
175 31.913       0.5503542797
176 31.5469       0.5548117076
177 34.0446       0.7823243211
178 36.0105       0.1792219157
179 33.0424       0.9606779216
180 32.1102       0.5249129867
181 31.641       0.6127846043
182 31.656       0.5131088482
183 34.1869       0.3890642115
184 34.1983       0.5862246358
185 33.8443       0.4480837874
186 32.2701       0.6946402690
187 33.5046       1.0236757378
188 29.904       0.5487286043
189 33.6257       0.4826086032
190 29.7584       1.1879276602
191 33.9048       0.7390194096
192 34.4956       0.2882544268
193 33.4044       0.7632437677
194 27.6221       0.2003000875
195 33.3437       0.4085845695
196 34.1606       0.5157120606
197 34.2896       0.5888496287
198 29.9995       1.0660807670
199 33.4022       1.0267387931
200 33.6368       0.3679375884
201 32.5369       0.8829996497
202 30.6563       0.5583561126
203 32.9592       0.3899356482
204 32.575       0.5398573322
205 36.3986       1.1606922492
206 34.7538       0.6213487060
207 34.3919       0.5167939542
208 33.6288       1.0234792531
209 32.5659       0.6867014525
210 32.7218       0.6756049839
211 32.0307       0.4218631253
212 32.7982       0.9715596225
213 34.2334       0.6683791675
214 34.6958       0.3824908227
215 32.2527       0.5343539555
216 32.892       0.8081059532
217 36.0642       0.8849511638
218 33.2329       0.2182420797
219 33.6793       0.1366448649
220 33.0989       1.0801926362
221 33.8521       0.7813880788
222 39.1473       0.4640032485
223 31.8856       0.2229092707
224 32.5601       0.7396961027
225 32.5447       0.3904746613
226 32.4763       0.2248641900
227 32.7142       0.7092164826
228 33.7728       0.6946476597
229 32.2467       0.5847830178
230 34.8415       0.1858925457
231 33.4881       0.4678664393
232 33.6564       0.5784734692
233 33.4728       0.4940108507
234 32.2798       0.5346969011
235 33.719       0.2450853935
236 32.3936       0.8617188675
237 34.0611       0.5584930249
238 30.361       1.0675714530
239 34.4907       0.2178939616
240 33.8928       0.6472823242
241 34.3254       0.6246736115
242 32.4866       0.5367137306
243 33.7144       0.8400514096
244 35.154       0.5247745760
245 32.3181       0.4430132035
246 33.9636       0.7638038803
247 33.62       0.3492549716
248 33.9473       0.6189389399
249 31.9077       0.9529727792
250 33.9259       0.4461671342
251 31.7553       0.4955183565
252 33.9865       1.0342464766
253 33.7482       0.8498606557
254 28.952       0.9099717515
255 32.7415       0.4759949646
256 28.6247       0.9920873189
257 31.447       0.9110859468
258 32.5073       0.5520375558
259 33.9544       0.5400916399
260 35.0656       0.9415467418
261 33.3227       0.4765299539
262 34.2319       0.7433976433
263 35.9513       0.7659518467
264 30.6691       0.4966474094
265 36.2768       0.7902407215
266 34.7078       0.2818287341
267 34.0841       0.6832070140
268 33.3688       0.7751931503
269 34.1431       0.6272750966
270 34.5808       0.4733828446
271 31.1789       0.2553559629
272 32.4974       0.3957063732
273 34.8754       0.6141675131
274 33.8519       1.0430211952
275 34.4746       0.4542030887
276 33.4332       0.5775225806
277 33.3784       0.7557591399
278 34.5434       0.9341739625
279 31.8647       0.6743060880
280 33.1261       0.4128101762
281 33.1885       0.4199047716
282 32.8361       0.2233518402
283 33.1672       0.4961088311
284 31.6456       0.4315950494
285 34.6501       0.5840641841
286 34.4354       0.6096203873
287 32.687       0.4287357292
288 33.1074       0.7001736311
289 31.5596       0.6091395991
290 34.3534       0.7350064476
291 34.5731       0.8146347580
292 34.971       0.5360845136
293 33.0986       0.4688384852
294 32.036       0.6315243067
295 34.3736       0.9035802766
296 31.5072       1.0616923397
297 33.2636       0.6611161939
298 33.1067       0.9481109498
299 33.4308       0.4839609774
300 29.5072       0.1895402394
301 33.0883       0.7499595158
302 31.8725       0.5802669523
303 34.4946       0.8047948537
304 30.2872       0.4682438440
305 32.4502       0.2300979241
306 32.1571       0.6775189735
307 30.9769       0.6476172776
308 32.6931       1.2686853674
309 32.5432       0.2014810041
310 34.1682       1.0667219182
311 34.2278       0.7369716080
312 34.1894       0.5422117268
313 33.6741       0.4904336941
314 33.2271       0.9445424796
315 33.0792       0.5300554628
316 33.5095       1.0193789505
317 31.1287       0.5621229878
318 33.8951       0.3917196516
319 35.4758       0.7249247327
320 33.9785       0.1186002964
321 32.8216       0.4069025612
322 32.6959       1.6585486936
323 30.3868       0.3276050828
324 34.116       0.6247309188
325 34.7749       0.2911806380
326 30.707       0.5734965910
327 34.4262       0.4652469667
328 32.0283       0.5503749787
329 36.4849       0.6505902606
330 34.41       0.2055605791
331 31.0617       0.8819852296
332 33.9078       0.2125694589
333 32.4723       0.2176361984
334 30.0288       0.2383466440
335 34.2158       0.3267497011
336 32.4606       0.3573549255
337 34.4789       0.5239902375
338 31.4293       0.5264538929
339 30.6804       0.6825720793
340 33.3918       0.9329471853
341 33.5266       0.4444308859
342 35.0764       0.3940689471
343 33.4595       0.2903970636
344 34.0018       0.3650014697
345 33.3735       1.0500298448
346 33.5628       1.0499818246
347 34.8699       0.5882695821
348 32.6124       0.9778020060
349 36.4496       0.9640449364
350 35.3168       0.7893538390
351 34.9256       0.6247241951
352 34.5502       0.5898739478
353 34.3444       0.7398561094
354 34.0109       0.5710508662
355 33.1955       0.1111440984
356 33.6985       1.0995117163
357 35.4691       0.9542949641
358 36.9445       1.4658442779
359 36.1548       0.4967669480
360 34.821       0.6760935991
361 33.6005       0.7522501743
362 36.1756       0.8312123852
363 34.8411       0.3212006923
364 33.7174       0.4849885805
365 30.6385       0.5698395484
366 33.663       0.2414883516
367 30.94       0.2993956542
368 35.3279       0.4352117771
369 33.635       0.9449132182
370 33.2       0.7188469665
371 33.8567       0.7882104878
372 33.8714       0.7814262642
373 36.0639       1.3037861433
374 34.7213       0.4575819255
375 34.4423       0.2790386634
376 35.0484       0.8038797632
377 33.7929       0.4646950773
378 35.5378       0.7363141472
379 35.4649       0.8050697110
380 35.6489       0.6166948582
381 34.5344       0.2997004456
382 33.5442       0.7408503690
383 34.5655       0.3731276768
384 33.8099       0.9547943372
385 35.3722       0.7340183038
386 32.4461       1.2169657250
387 36.1059       0.6059130025
388 36.3262       0.4831705466
389 35.6788       0.4640592957
390 33.1936       0.4355913101
391 33.8406       0.4937487822
392 34.8655       0.6354122814
393 33.5802       0.8698995176
394 34.5326       0.4980759860
395 34.3373       0.6038158805
396 34.1832       0.4729461883
397 35.1374       0.6076643786
398 32.4139       0.3886187031
399 34.9272       0.3705962040
400 37.7236       0.4215175730
401 35.0537       0.8443721835
402 33.7854       0.3735120834
403 34.0978       0.2981202234
404 35.4644       0.8618607806
405 41.8203       0.6081316971
406 31.5135       0.3556281160
407 31.4087       0.3813764181
408 34.7229       0.7737305927
409 34.7082       1.0186761810
410 34.1455       0.4781116413
411 33.3357       0.4993652311
412 33.2112       0.6914017318
413 33.0738       0.5869469416
414 34.2021       0.6328549989
415 35.1816       0.8813123825
416 34.2335       0.4730781989
417 32.0142       0.6234653959
418 34.022       0.5595232925
419 34.4667       0.5716383792
420 34.7934       0.4154645305
421 34.9353       0.7367756789
422 36.053       0.2772064845
423 32.1836       0.7410857514
424 35.6394       0.1972802206
425 36.7021       0.5979675750
426 34.2737       0.7030778428
427 36.54       0.3454436406
428 31.8665       0.3422162826
429 37.2322       1.1183026604
430 33.9473       0.5726922339
431 32.9331       0.3560737463
432 34.7342       0.3642350300
433 35.0515       0.4155414861
434 33.2943       0.4905864995
435 34.2058       0.4665673279
436 31.6682       0.4338039049
437 33.9779       0.4445276385
438 35.0001       0.4928245622
439 35.1061       0.4590921825
440 33.5964       0.6738530940
441 37.4504       1.0068875799
442 33.3802       0.9546301592
443 32.6556       0.5747670140
444 33.4592       0.8469946532
445 35.0446       0.7944261757
446 35.8487       0.4997699327
447 32.9998       0.6226584300
448 33.851       1.0979225987
449 36.0321       0.6435495515
450 35.8843       0.9615720086
451 32.6202       0.4470163591
452 38.9337       0.6286070930
453 34.7906       0.3523429492
454 33.9986       0.3902433264
455 33.9626       0.3584579713
456 39.8476       0.6669693778
457 34.7409       0.6246688021
458 34.2356       0.7450115373
459 34.592       0.4686971853
460 34.3148       0.4234867913
461 34.4916       0.7384551247
462 33.0537       0.4041738969
463 33.2516       0.6198275691
464 35.2375       0.2894890617
465 36.5558       0.7560213191
466 33.6994       0.9934108992
467 35.6262       0.3388112360
468 34.2568       0.5618308250
469 34.8384       0.5130391279
470 34.7984       0.8263333253
471 32.0998       0.7434366810
472 34.6627       0.4166058265
473 34.3761       1.6709352906
474 36.0461       0.7020586880
475 34.6974       0.6946796981
476 33.8177       0.4349976727
477 32.7413       0.7453982334
478 33.4527       0.3353035976
479 36.2165       0.8249555131
480 35.3322       0.5735810909
481 32.4169       0.6618238816
482 34.5796       0.3767247908
483 34.5394       0.3981674585
484 33.7141       0.7048491997
485 37.7106       0.7035172559
486 36.2129       0.5787526914
487 31.9292       0.7789118217
488 34.055       0.7669098609
489 33.4852       0.5020996351
490 35.3915       0.4439970953
491 33.1201       0.6584115463
492 35.9802       0.3546076754
493 30.7714       0.3496124356
494 32.6938       0.3622287620
495 32.7658       0.2885323671
496 33.3418       0.5694807560
497 33.1204       0.3799315331
498 34.4613       0.4193918987
499 32.3491       0.4103412115
500 35.0328       0.6650999728
501 34.2709       0.3880155589
502 35.1206       0.4631141051
503 35.891       1.0250785976
504 35.6489       1.0791017679
505 32.7084       2.5377702378
506 33.7267       0.4001687977
507 33.8056       0.4705706179
508 33.5897       0.2198833982
509 34.2832       0.3213501836
510 32.9106       0.6718084308
511 33.5823       0.1207503885
512 36.5167       1.2262052207
513 33.2835       0.5575375204
514 36.1346       0.5373668981
515 39.5051       1.7163850956
516 34.6847       0.9904882709
517 34.8093       1.2394092736
518 33.1569       0.6660799406
519 34.0832       0.2127579662
520 35.0742       0.6919864132
521 35.0704       0.5242737714
522 33.9376       0.4306197359
523 33.2896       0.7766398238
524 35.7145       0.4605167459
525 39.1218       1.1020538214
526 33.3952       0.3788425361
527 33.0308       0.3851069199
528 34.9892       0.5686018751
529 33.0712       0.5118147867
530 35.2438       0.2437945979
531 33.546       0.8054121867
532 31.3961       0.5326959580
533 37.5305       0.9737328592
534 33.4346       0.5706546260
535 34.3074       0.7326475573
536 36.6335       0.4874259233
537 31.7921       0.3667591704
538 34.8758       0.7484016480
539 36.4237       0.5169411575
540 36.3441       0.7413978859
541 37.1278       1.1557517933
542 34.7938       0.9073540752
543 34.5849       0.3156194446
544 33.9029       0.3398146426
545 38.8115       0.5907584791
546 34.8078       0.5167590749
547 35.1215       0.6578900446
548 34.5121       0.6428993490
549 33.0677       0.5932179207
550 33.2129       0.9408708698
551 35.7404       1.0707305389
552 34.8865       0.7417158409
553 35.8246       0.6501319946
554 37.8911       0.7975310133
555 35.9343       1.0078072096
556 33.9913       0.7883271035
557 35.0493       0.6314874244
558 33.8665       0.6670836733
559 34.3738       0.4347835215
560 33.0809       0.3021646727
561 39.5902       1.3869341348
562 34.0848       0.3701194128
563 33.1767       0.2471918927
564 36.2429       0.8787448757
565 34.0194       0.7105243708
566 33.2755       0.5210874205
567 35.8611       0.6099420251
568 34.3964       0.6834704783
569 34.9611       0.4369925516
570 37.6217       1.3571273441
571 39.5884       0.9575146088
572 34.0435       0.3044226383
573 34.0858       0.4833368594
574 33.6945       0.7732536706
575 32.7265       0.4780645185
576 34.3238       0.5483061683
577 32.4151       0.2879458136
578 34.7405       0.6743494464
579 33.74       1.0457143332
580 33.2458       0.3023456179
581 33.5418       0.2272077642
582 33.5807       0.5419746776
583 36.6748       0.8142299647
584 33.2026       0.5649881833
585 34.1616       0.3009640293
586 33.4996       1.6386298013
587 35.2731       0.5219791912
588 33.0335       0.8972137939
589 33.6413       0.2956349367
590 34.0069       0.6051552139
591 35.0302       0.0988057439
592 35.4988       0.8729084750
593 37.7075       0.7378977695
594 35.976       0.5755410657
595 34.247       0.8402718759
596 33.1403       0.5519338551
597 34.468       0.7194693557
598 35.3354       0.4634598167
599 35.2039       0.5622664152
600 37.2475       0.5631005418
601 34.1155       0.5563940275
602 34.7199       0.6077357702
603 33.9394       0.4412906203
604 31.9676       0.4247128909
605 32.8007       0.3916971818
606 34.5833       0.7696509554
607 34.5318       0.4596449523
608 33.3746       0.3142040678
609 35.681       0.5741380346
610 34.795       0.7009772725
611 32.7798       0.3786389401
612 32.0936       0.6030971681
613 35.0051       0.4568535049
614 31.2542       0.8879105081
615 34.2175       0.1139356117
616 33.3394       0.2753937411
617 33.4274       0.7296918075
618 35.7131       0.3598198789
619 33.9187       0.3695647390
620 36.7815       1.0364982151
621 31.6773       0.7534876250
622 33.9933       0.4060130395
623 34.5163       0.7890458579
624 35.2763       0.6041962323
625 34.5771       0.2180330147
626 36.2084       0.8843813186
627 34.3997       0.3572381321
628 34.7006       0.4525571534
629 33.7958       0.6947854088
630 35.294       0.3734673821
631 37.3685       1.0917935285
632 35.1373       0.3554708843
633 36.5556       0.4879725316
634 33.1815       0.6369430876
635 32.6075       0.7853556408
636 33.7561       0.1498906966
637 34.0694       0.2451576524
638 35.6649       0.7635205666
639 34.1439       0.5055231609
640 31.0589       1.0307315888
641 33.4255       0.3863158622
642 36.2411       0.8723311041
643 34.7328       0.2643801427
644 35.4838       0.5535999250
645 35.3998       0.4221906630
646 34.0725       0.8577897022
647 35.68       0.9958956830
648 34.5813       0.3365009646
649 32.6059       0.6398689919
650 31.2069       0.5741478430
651 34.5262       0.5943305043
652 34.0267       0.5353410507
653 34.7135       0.8681880969
654 34.3788       0.5550088654
655 34.1641       0.2802742037
656 36.4846       0.4097602328
657 35.167       0.4520046143
658 34.3295       0.3829478190
659 33.7604       0.2243089998
660 33.5175       0.2591278346
661 34.6129       0.6719790367
662 35.1429       0.6979034558
663 33.7262       0.4065344603
664 33.0631       0.6034330678
665 34.3572       0.6426279137
666 34.6387       0.5374627643
667 33.3534       0.6961166445
668 33.1618       0.4074612816
669 34.8974       0.6258152552
670 34.1531       0.5647758710
671 35.0304       1.0195837183
672 39.2016       1.0445680881
673 35.0319       0.6070367635
674 33.4185       0.4802605454
675 33.5568       0.5719823932
676 35.0803       0.3623718018
677 33.8332       0.3529445457
678 34.8115       0.5563249027
679 36.5396       0.4473417156
680 35.107       0.6430860826
681 33.8594       0.7107927318
682 34.4604       0.5167687034
683 34.0683       0.6361798669
684 33.8699       0.4807800654
685 33.9967       0.8420806824
686 31.7025       1.0073899643
687 36.1326       0.7432284929
688 34.72       0.3662096476
689 34.3096       0.7776225802
690 38.4519       1.2044457589
691 33.5019       0.6710657155
692 33.1593       1.8327659794
693 36.7879       0.5298494132
694 30.3929       0.3513151116
695 33.975       0.5210717112
696 34.8264       0.2382927593
697 34.7225       0.5361361905
698 38.4478       0.7198200418
699 39.9336       0.4219321220
700 33.818       0.7555946870
701 33.891       0.7601720564
702 39.5434       0.8628351376
703 33.3915       0.5718050122
704 38.168       0.1646546066
705 33.1968       0.4905004090
706 38.0775       0.7559385064
707 34.2908       1.1493519811
708 33.7554       1.3952418763
709 33.3149       0.5166672785
710 35.2196       0.6972162346
711 31.8808       0.4881262493
712 32.7044       0.4264188695
713 34.7916       0.9413988885
714 31.3969       1.1853393510
715 33.6982       0.5387256898
716 35.0697       0.4559854708
717 34.6333       0.4484896264
718 34.5385       0.4080632113
719 34.9342       0.5918738900
720 34.3568       0.4956217637
721 34.3138       0.4043103528
722 34.4881       0.5785085713
723 33.3144       0.4717806282
724 33.8277       0.6093166686
725 30.2283       0.3706556329
726 33.8129       0.3061777655
727 35.358       0.6406840491
728 33.0504       0.4905058386
729 33.6004       0.8296268334
730 36.2168       0.7615809594
731 33.4763       0.3340053881
732 35.3924       0.6932933510
733 34.6495       0.4706395080
734 35.4076       0.3542276629
735 33.3873       1.0796980204
736 37.3657       0.5721819828
737 33.4917       0.5324183549
738 33.4441       1.2669370498
739 33.7853       0.9563551881
740 34.7072       0.4075164328
741 32.1967       0.8664924896
742 34.4028       0.5394417700
743 32.9657       2.4345255669
744 34.2769       0.1674943334
745 31.7459       0.5813982777
746 32.9086       0.5691061226
747 34.5418       0.5575672756
748 35.7075       0.4522036698
750 33.4364       0.3082289208
751 33.5252       0.4784815810
752 40.0191       0.7844887577
753 34.8118       0.6288565420
754 37.6254       0.8117536562
755 31.941       0.9778026429
756 34.9066       0.3702972228
757 33.438       0.3653343148
758 35.3229       1.2073983972
759 34.6221       0.9075327791
760 34.9311       0.6465178398
761 35.1466       0.3941814090
762 34.6529       0.6688842834
763 34.4709       0.3038712602
764 35.1801       0.5293027224
765 33.5502       0.4603628840
766 35.3305       0.9208134868
767 37.1562       0.5001693195
768 34.8885       0.4635450940
769 37.6431       0.4374243909
770 32.0643       0.6870644457
771 38.0944       0.2313126122
772 34.0993       0.4934652062
773 35.5122       0.8318958031
774 36.4401       0.8177648673
775 36.5063       0.4391081389
776 37.7282       0.7443018479
777 34.5644       0.3520196409
778 41.3029       1.9951207449
779 35.6755       0.6156420380
780 36.9437       0.6092110776
781 34.9463       0.4453153967
782 34.9011       0.8743608477
783 32.8474       0.8719899667
784 39.4826       1.1370283401
785 36.0033       1.0148444656
786 40.7355       1.3245887788
787 35.08       0.9428919291
788 35.0542       0.5888943833
789 35.5172       0.5898149775
790 35.5955       0.4143275288
791 35.093       0.3871419060
792 34.7047       0.4467549198
793 34.6858       1.8085775531
794 34.3604       0.1938984628
795 35.5387       0.5821707003
796 35.5016       0.6268199817
797 36.7701       0.3398175094
798 34.7899       0.2449701524
799 32.9254       0.4193256526
800 36.871       1.1283653836
801 37.425       0.3558072768
802 38.9504       0.9876511503
803 34.5505       0.2011798340
804 33.8898       0.4794645923
805 35.6428       1.4103211816
806 36.6898       0.5188905832
807 35.0379       0.9752504095
808 35.3135       0.8505720219
809 32.5872       0.5154020401
810 35.2327       1.7796032164
811 33.987       0.4181198197
812 35.1834       0.3967431463
813 36.3218       0.5428676272
814 34.3484       0.3679087443
815 32.2891       1.3979953364
816 36.239       1.2126988242
817 34.84       0.2066816625
818 36.6162       0.4971493726
819 35.215       0.4321151300
820 34.8407       0.5282529353
821 35.0611       0.2423397013
822 34.2564       0.3394923722
823 36.6322       0.2605724063
824 33.0943       0.2826124105
825 35.5677       0.8995542309
826 34.4475       0.3651524153
827 36.5313       0.6539836130
828 39.4213       2.0899097619
829 35.9808       1.3223637305
830 34.9944       0.3027317940
831 34.7345       0.3559329964
832 36.004       0.6806316108
833 35.2247       0.1687949612
834 35.2764       0.5730445525
835 34.1229       0.4662748001
836 35.4415       0.2742169597
837 35.224       0.4483753706
838 34.6914       0.5671923002
839 36.4147       0.3521530873
840 34.5483       0.4895109663
841 35.2539       0.4976056740
842 38.7722       1.5924800674
843 34.6496       0.3434772280
844 34.9296       0.5409941741
845 34.6945       0.3536078813
846 35.5282       0.8446163272
847 35.5184       0.3821545188
848 35.3385       0.6388391658
849 36.3199       0.6306075489
850 40.0448       0.6462206314
851 34.8995       0.4656758744
852 37.911       0.5558629415
853 37.9935       0.5955638097
854 32.931       0.6017863362
855 33.2113       0.6289546070
856 33.8255       0.2232541200
857 35.7675       0.5998641693
858 39.7455       0.5204273750
859 35.2895       0.5275869663
860 34.9142       0.7370547753
861 33.3406       2.3418568222
862 35.6318       0.2889166610
863 36.2692       0.4226499400
864 34.4505       0.4268459666
865 37.0124       0.3863800510
866 36.4951       0.7843323541
867 36.0286       1.1325975361
868 34.7216       0.3264605447
869 36.9283       0.4810530186
870 33.2528       0.5940244365
871 40.9838       0.7391148577
872 36.8496       0.8379439885
873 32.4939       1.1954274577
874 36.3257       0.7253103766
875 38.7243       0.3772688241
876 35.5624       0.7976302952
877 38.1456       0.4612409772
878 35.7732       0.9843656041
879 42.0103       0.7058276516
880 35.9522       0.2741150362
881 34.048       0.3150211412
882 36.0039       0.8629376268
883 37.3671       0.6520135682
884 36.1874       0.8065388396
885 38.206       0.7020237223
886 35.9114       0.4985620905
887 36.3654       1.2479331948
888 37.4617       0.2884974645
889 33.8083       0.6381991685
890 33.0291       0.4516353456
891 35.8752       1.0320338450
892 36.9832       0.5931044580
893 36.52       0.3064990093
894 34.4879       0.2430146002
895 38.0578       0.9269915411
896 35.1204       0.4594242070
897 37.4164       0.7472005934
898 33.4748       0.3675121201
899 34.2514       0.5507068004
900 39.5032       1.3099309806
901 37.1332       0.7289302602
902 41.6579       1.1846279239
903 35.1167       0.3901650542
904 35.996       0.8435142971
905 34.9003       1.0858232798
906 33.8053       0.3225161562
907 34.8141       0.8720478495
908 36.9988       1.8892243461
909 35.2128       0.7068284645
910 35.7053       0.9673041665
911 35.6058       0.5483746616
912 33.854       0.3090238437
913 35.1594       0.6727989424
914 37.1687       0.8237901995
915 36.0428       0.6285137737
916 37.2018       0.6827943094
917 34.6325       0.3640857650
918 35.5187       0.5569537037
919 35.7181       0.2901948060
920 38.7995       0.8617393366
921 34.6471       0.3610772656
922 33.93       0.2809423775
923 34.8202       0.7425133067
924 35.9107       0.5399099390
925 34.8419       1.1806983714
926 35.8405       0.6640636748
927 35.1377       0.2145299732
928 34.9113       0.3329093492
929 34.5567       1.1224064178
930 34.5883       0.6145880631
931 33.9069       0.5121585078
932 34.3575       0.3144717897
933 34.9755       0.7219409644
934 35.0772       0.8591326166
935 35.7156       0.6785695917
936 36.2611       0.4707121292
937 35.2278       0.7725541660
938 34.7787       0.2202388772
939 35.9187       0.6621501209
940 35.3016       0.8886126870
941 39.1225       0.9270512328
942 34.1098       0.6584634230
943 33.79       0.4096162601
944 39.7804       0.8683993518
945 35.4743       0.3379274686
946 34.2702       0.1700679830
947 35.1871       0.4443067912
948 36.8823       0.2042043552
949 34.871       0.8306963360
950 35.5235       0.4305132752
951 37.1418       1.1785054156
952 33.6122       0.6995780532
953 37.101       0.5473791172
954 35.6214       0.5046944598
955 35.0009       0.3756463265
956 33.077       0.4250956278
957 34.8445       0.4227135960
958 38.7658       0.7421970735
959 35.4279       0.6235763069
960 34.374       0.3157060627
961 36.3218       0.2851922008
962 36.7706       0.9615835635
963 34.9993       0.7306437031
964 34.8013       0.4143786654
965 33.4532       0.3511305043
966 33.7201       0.6375643460
967 37.6335       0.4731557950
968 35.3094       0.3791765932
969 34.3142       0.5605022352
970 35.4239       0.9079962699
971 40.4083       1.1157398345
972 36.6546       0.8712827193
973 36.0031       0.3046916242
974 36.2223       0.8555003508
975 34.8837       0.7058170952
976 34.8907       0.6003811884
977 32.5343       0.3939225951
978 34.7462       0.0965967917
979 36.2073       0.4889787989
980 34.5668       0.2737221847
981 36.7743       0.5945791374
982 34.1843       0.3275370318
983 36.3795       0.8092565763
984 37.224       1.0720853998
985 35.0891       0.6668472648
986 34.0113       0.5067436168
987 33.1909       0.3758281603
988 34.1464       0.7797132013
989 36.3407       0.8911488487
990 36.7003       1.1452577878
991 38.8306       0.7879271480
992 34.0607       0.8477888309
993 34.7045       1.7131838054
994 37.4021       1.3906205633
995 33.3232       0.3731545840
996 35.6481       0.3175395831
997 37.2224       0.9409633799
998 39.8371       1.5238416102
999 34.625       0.4000627185
1000 36.8452       2.0240160195
1001 42.2771       1.2758856607
1002 35.1429       0.3861390585
1003 36.1165       0.7839292147
1004 36.469       0.4303641737
1005 36.5353       0.8093185497
1006 38.8986       1.0519336412
1007 37.4465       0.4202496195
1008 39.3047       0.8776320193
1009 37.5295       0.5416002766
1010 36.0026       0.9489365790
1011 39.8976       1.7216859526
1012 33.5698       0.5856809822
1013 37.1985       0.8421740303
1014 34.7769       0.5944821743
1015 36.4981       0.2992916231
1016 42.0606       1.4521457271
1017 37.5368       0.9182895479
1018 36.365       0.4656095573
1019 41.0632       0.6954268093
1020 33.2878       0.3902423672
1021 36.1148       0.3193371689
1022 36.2533       0.3512181097
1023 35.5866       0.9680923054
1024 38.9466       0.4895059118
1025 34.8305       0.7505511337
1026 34.5027       0.4374290917
1027 43.622       1.8508902377
1028 36.157       1.1419039198
1029 32.7993       0.3704195730
1030 36.1589       0.5328286588
1031 38.3011       0.4678882700
1032 38.7879       0.9521750282
1033 34.9374       0.3001923258
1034 36.4778       1.1504647793
1035 40.2294       0.5586822693
1036 39.6177       1.9454524425
1037 35.7837       0.4800869351
1038 34.6112       0.5647665616
1039 35.58       0.5992383561
1040 36.6743       0.6578329211
1041 39.6992       0.3781705847
1042 37.2487       0.2105959624
1043 34.8199       0.6643473019
1044 39.9511       0.8171510358
1045 37.6474       0.7357946035
1046 34.9748       0.2977344904
1047 35.8395       0.7978803533
1048 43.3128       1.5303927173
1049 36.4062       1.0247825763
1050 37.3983       0.7535896395
1051 40.1199       1.6736842217
1052 39.5144       0.9274993945
1053 35.6653       0.4472185077
1054 39.0109       0.6742022455
1055 34.6065       0.4869535851
1056 34.2262       0.8101894743
1057 37.1065       0.6828342207
1058 36.702       0.9740279061
1059 37.0748       0.2907976379
1060 35.831       0.2930268629
1061 37.6237       0.2618274987
1062 39.7837       1.0764904644
1063 43.1784       1.6816011713
1064 35.6811       0.8814550289
1065 39.7029       2.0000602706
1066 35.6383       0.7122227149
1067 36.8554       0.5190640283
1068 37.2933       0.1930858038
1069 36.9244       1.3303334421
1070 37.2631       0.6105451965
1071 41.318       0.8784737708
1072 36.7453       0.4637729363
1073 36.019       0.3194086506
1074 33.8603       0.4584919562
1075 35.958       1.2455156267
1076 38.3534       1.0379567225
1077 36.6558       0.6854655752
1078 34.7646       0.8430250426
1079 34.2811       0.6502436755
1080 38.6608       0.3465762278
1081 37.1193       1.7986677996
1082 34.4673       0.3641813762
1083 40.18       1.2704265996
1084 34.1507       0.2964980434
1085 34.8606       0.5062196678
1086 36.2065       0.5144279881
1087 35.2939       0.5395048591
1088 35.6736       0.9652577636
1089 38.2724       0.5145170422
1090 36.1643       0.6618495759
1091 35.1511       1.0131659734
1092 35.2256       0.4355416114
1093 34.7168       0.3840700303
1094 36.4048       0.3167266392
1095 34.5569       0.7608804863
1096 37.6096       0.5989714178
1097 35.1899       0.8603174803
1098 36.5842       0.7692180610
1099 36.7163       2.2093745131
1100 37.2881       0.8107835499
1101 37.2861       0.6121023118
1102 39.2287       1.1153254098
1103 36.6029       0.7540525306
1104 36.614       0.2938010912
1105 39.8565       0.8188495565
1106 37.5593       0.5136533392
1107 39.8503       0.6109905235
1108 39.2289       1.6423033892
1109 34.4624       1.0284639718
1110 37.839       1.5151968632
1111 37.0594       1.2084589167
1112 36.6724       1.2519766242
1113 36.214       1.0131990899
1114 37.082       0.6532737546
1115 35.7531       0.3018758212
1116 33.1101       0.1956299747
1117 39.1371       0.9827327646
1118 38.1343       2.1458525491
1119 32.9081       0.3944806242
1120 35.8598       0.7732352905
1121 35.9503       0.6606566635
1122 35.2478       0.2239846828
1123 38.5645       0.7995827024
1124 35.1661       0.7953093025
1125 36.5301       1.3666424421
1126 36.7777       0.9259988632
1127 35.7829       1.0229059018
1128 41.591       1.8096805001
1129 34.8422       0.7924661630
1130 36.6309       0.7503521915
1131 33.4212       0.2737695655
1132 41.4138       1.5267925893
1133 34.6723       0.3637629440
1134 34.3226       0.5287188404
1135 35.0788       0.4506339773
1136 40.1743       0.9487013082
1137 38.4179       0.8374583840
1138 35.9893       0.4607102020
1139 35.5629       0.3247607578
1140 36.3698       0.7441463483
1141 35.9781       0.2654578350
1142 32.9693       0.3231471007
1143 36.1977       1.3889136641
1144 42.291       1.4111239412
1145 35.6194       1.0982079084
1146 35.1066       0.5501938703
1147 32.64       0.5742610020
1148 33.5406       0.3666214071
1149 38.0407       0.5138505758
1150 38.6416       0.8473021030
1151 36.148       0.9833721304
1152 38.1615       0.4141443070
1153 34.4939       0.6051710151
1154 34.3092       0.8342937320
1155 36.9431       1.0333674207
1156 34.6149       0.8485282334
1157 39.9118       0.9754769836
1158 39.3262       0.9951656178
1159 38.2196       0.1352032597
1160 34.7464       0.4715904120
1161 37.3447       0.4936951504
1162 34.9222       0.7816360730
1163 38.5399       0.5777500994
1164 37.9408       0.7327235941
1165 34.696       0.7154764771
1166 32.3349       0.6453479140
1167 34.9013       0.4356866229
1168 33.5191       1.3225089570
1169 34.7513       0.5254531658
1170 36.6903       0.6442445043
1171 35.6655       0.6485537688
1172 36.7707       0.9225953960
1173 39.1892       1.3035770312
1174 39.4785       0.4586114141
1175 35.0184       0.3878109450
1176 37.6289       0.9584798055
1177 34.416       1.0165229797
1178 40.3793       1.0241705090
1179 38.3509       0.5918273734
1180 34.7436       0.7357449245
1181 35.768       0.7814384705
1182 34.8999       0.4378803033
1183 36.0488       0.5661584095
1184 34.1419       0.5838239795
1185 37.3822       1.8917947459
1186 36.8       0.5433492362
1187 34.9546       0.7123977526
1188 35.3171       0.6029181154
1189 37.0592       0.7537870383
1190 37.9022       1.4018892166
1191 37.2143       0.2565966321
1192 35.1425       0.6234471995
1193 34.9592       0.5420627832
1194 37.4561       0.8866206235
1195 40.2495       0.8545760351
1196 37.4247       0.6021374687
1197 36.9158       0.3064795682
1198 36.1508       1.0100568343
1199 35.9508       1.5636498380
1200 37.8446       1.1446132446
1201 41.0107       1.6897653050
1202 39.4586       1.3061163968
1203 39.0233       0.5545277992
1204 38.2348       0.6282724978
1205 41.8987       1.4536791332
1206 40.2373       1.4870407796
1207 35.2752       0.3618650985
1208 35.9512       0.7698700830
1209 36.5613       1.7826880744
1210 35.9689       0.5552556251
1211 33.98       1.3919248576
1212 40.3366       0.9501163765
1213 34.8817       0.4814937041
1214 37.2854       0.6166457529
1215 36.6724       0.4268166924
1216 37.2423       1.5555315525
1217 34.3857       0.4864399018
1218 34.7488       0.3565471424
1219 35.3302       0.4450586912
1220 34.8796       1.1335966353
1221 35.7832       0.7140138431
1222 37.5283       1.3253343097
1223 35.9516       0.3123511997
1224 39.0008       0.9117565492
1225 37.2182       0.2980665511
1226 39.2191       1.2999712597
1227 36.8128       0.7236495563
1228 35.2495       0.3240442233
1229 41.7673       1.4710975471
1230 34.9825       0.4865744163
1231 37.7715       0.4517265600
1232 45.9327       1.4955666559
1233 41.2348       0.8280785837
1234 41.1932       0.7517516172
1235 37.4003       0.9860527815
1236 38.6017       1.4386107230
1237 40.3642       0.8090508482
1238 37.8553       1.0028058433
1239 35.0572       0.9067274143
1240 38.4725       2.7855412244
1241 35.8902       0.3996704830
1242 38.4484       0.8912270740
1243 39.2143       1.2593574243
1244 37.5655       0.7538578861
1245 41.1154       0.9475422535
1246 34.4819       0.4979780788
1247 34.9819       0.3555210586
1248 33.5561       0.5324178145
1249 35.404       0.6873391280
1250 40.5705       1.2022166407
1251 35.8775       0.5995813332
1252 36.5703       0.6778884702
1253 36.802       0.6012739683
1254 37.5058       1.0352334027
1255 39.1678       0.2793295307
1256 37.5798       0.6518558703
1257 38.4304       0.7940582426
1258 35.8691       0.8326612094
1259 38.241       0.9526701506
1260 38.2843       3.6952141263
1261 43.8806       1.2423176465
1262 39.3236       1.5210280246
1263 38.6519       0.7374029513
1264 36.2423       0.6091680693
1265 38.1966       1.1506572477
1266 37.8303       0.4960874198
1267 35.1919       0.6257115530
1268 34.3802       0.6960827568
1269 38.0261       0.7132331291
1270 34.0911       1.1779856579
1271 36.0043       0.3905612805
1272 38.6767       0.5650471954
1273 36.4193       0.5991373844
1274 40.6671       0.8898924990
1275 40.9957       0.9436632328
1276 35.6952       0.5943292294
1277 39.0196       1.2421066034
1278 34.9498       0.4577722023
1279 39.594       1.2198097057
1280 36.3854       1.0737034189
1281 39.8497       1.2258811914
1282 37.4042       0.4805100554
1283 42.2569       0.7671952821
1284 33.6567       0.6092490615
1285 38.0736       2.0549790952
1286 38.8249       0.9736229426
1287 36.3831       0.5002906608
1288 37.9058       0.8982774310
1289 40.8704       0.7808786662
1290 35.7954       0.6775797344
1291 41.0977       0.4321940791
1292 38.6397       0.6849217233
1293 34.8435       0.4626101784
1294 40.4561       1.0566779739
1295 39.3495       0.9674822272
1296 36.1232       0.2431012617
1297 38.7786       0.7288810613
1298 36.5201       0.6045264648
1299 42.2722       1.0715566853
1300 38.2638       0.3221995318
1301 36.4477       0.7860192982
1302 39.4907       1.6919600755
1303 38.6738       1.6598423110
1304 37.0607       1.0693195365
1305 38.0032       0.5355346311
1306 41.5919       1.0233592690
1307 32.1452       0.5604992117
1308 36.0365       1.0130683736
1309 37.4699       2.5116166955
1310 34.5222       1.0037722707
1311 36.708       0.8799105736
1312 38.1582       0.4499191655
1313 37.8296       0.7826805286
1314 35.9348       1.1522803776
1315 38.7706       0.6477283919
1316 37.0592       1.1837877625
1317 38.717       1.2638088474
1318 39.2047       1.7011494972
1319 36.6269       1.5842530658
1320 43.0165       0.9323986751
1321 41.1655       0.6580766638
1322 40.256       1.1006403185
1323 38.9546       0.4226118662
1324 39.0125       0.7484759307
1325 33.8899       0.7267523421
1326 35.033       1.2967760590
1327 37.9028       1.1835096612
1328 40.1395       1.2675901241
1329 37.8057       0.5840511655
1330 36.1534       0.7036181608
1331 37.7352       0.9315770605
1332 39.9918       0.5160887348
1333 36.2026       0.8695678491
1334 36.2943       1.1697664302
1335 34.9728       1.0377268310
1336 38.4811       2.7719256879
1337 35.2436       0.4826356310
1338 37.5077       0.3523034785
1339 41.062       0.6765437599
1340 35.0018       2.5057839652
1341 39.232       0.5368762850
1342 38.3879       0.8209151243
1343 35.1691       0.4739911234
1344 39.8404       1.0294123512
1345 41.1305       0.3642153279
1346 41.5199       0.6861538974
1347 39.7199       0.8773246544
1348 39.2197       1.3083100446
1349 34.6513       0.3335906378
1350 38.9682       1.2793984035
1351 38.452       1.6070538457
1352 36.2312       1.3069642660
1353 37.4717       1.5674912491
1354 31.4928       0.6199425879
1355 36.4115       1.7793537312
1356 39.3195       1.4931170664
1357 38.4276       2.3600164581
1358 40.8364       1.7609997672
1359 39.0841       1.0251247789
1360 35.5003       0.5211517507
1361 37.1989       0.7920083427
1362 41.4934       1.3321646060
1363 41.6323       0.9070473950
1364 37.62       1.7693052320
1365 38.2065       0.5426117834
1366 41.6889       1.4726881742
1367 37.4907       0.5543184703
1368 41.0283       0.9988696027
1369 36.2759       0.9599317565
1370 36.5964       0.3366418984
1371 37.2648       0.5414041064
1372 39.9524       1.8415043779
1373 35.7647       0.9336771807
1374 37.9449       1.2795937338
1375 38.9666       0.8748682364
1376 42.6099       1.6601862401
1377 36.8236       0.2649525511
1378 38.0043       1.2881977905
1379 39.2675       0.7056312443
1380 41.0675       1.1255092497
1381 39.4151       0.6334884415
1382 36.7802       0.9053762858
1383 38.8955       0.9016890467
1384 36.9377       0.7319572820
1385 34.5771       0.4614796281
1386 44.2944       1.0084554864
1387 44.3488       0.4199793884
1388 37.695       1.1084413198
1389 35.6241       1.1486987209
1390 33.8897       0.5228848121
1391 35.4971       1.2335697201
1392 39.743       0.7542420552
1393 33.6817       1.1112575608
1394 39.8635       0.3983009299
1395 38.1351       0.4536364661
1396 36.5782       0.5308282677
1397 37.1365       1.0344032392
1398 36.3821       0.7736968283
1399 38.08       0.8667901102
1400 38.2771       0.5525918219
1401 37.971       0.9900985149
1402 35.6985       0.6417728560
1403 44.4951       2.3621445734
1404 36.068       0.5086765182
1405 37.2074       1.9056511507
1406 39.4439       1.0123858944
1407 38.4615       0.8925142497
1408 35.6428       0.2178031137
1409 36.9479       1.0876067487
1410 39.2104       0.5320815196
1411 37.0818       1.0797719152
1412 40.1473       1.2372641415
1413 37.5081       0.5359115239
1414 41.6985       0.6838528958
1415 40.5689       0.7723521129
1416 43.1704       0.9966431492
1417 39.8472       0.7581236995
1418 39.4318       1.2007555886
1419 35.9197       1.3127101688
1420 35.7051       0.4662014716
1421 36.9812       0.6863504352
1422 37.0274       0.6184755147
1423 38.6326       0.7972736714
1424 35.5232       0.9148650777
1425 42.5528       0.6946082008
1426 40.1095       0.9528020158
1427 35.1727       0.4653527384
1428 39.5543       1.0942211364
1429 39.3571       1.1505650661
1430 38.9642       0.6697304830
1431 41.4196       1.3742184358
1432 40.9927       1.5084187344
1433 37.3293       0.6258734597
1434 35.208       1.0602536567
1435 37.6623       1.0395134900
1436 38.2868       0.9857691361
1437 36.7056       0.4399138523
1438 36.5292       0.9711175082
1439 35.6339       0.2957356674
1440 39.4981       1.1277246145
1441 41.6614       1.3389183719
1442 37.7062       0.4277143508
1443 45.5947       0.9351989095
1444 39.878       0.8494339672
1445 38.4847       2.5788144585
1446 39.5859       0.8587409340
1447 33.6627       0.4628893484
1448 39.8452       0.4643458932
1449 38.0593       1.3085121640
1450 34.0291       0.4347944947
1451 36.1811       0.6310220622
1452 34.5636       0.5447261752
1453 35.345       0.9381970179
1454 39.931       1.4881903252
1455 35.8598       0.4986748517
1456 35.3527       0.7285491670
1457 39.9697       0.3645128944
1458 39.3454       0.9987417212
1459 38.759       1.6483231992
1460 36.0867       1.2707193516
1461 34.6021       0.6458790576
1462 44.6094       2.0484612191
1463 40.1808       0.4623198838
1464 44.5028       1.3148007565
1465 36.9193       0.9864440976
1466 35.8443       0.3536854488
1467 36.428       0.8151921762
1468 38.1186       0.9391622666
1469 36.8461       1.8448458359
1470 40.7945       1.1546600762
1471 39.0933       0.9174150221
1472 38.5042       1.3599281766
1473 36.729       1.0161910316
1474 35.647       0.3240690234
1475 34.0997       2.4627855248
1476 34.0064       1.0059917806
1477 34.6164       0.3693438620
1478 37.6556       0.6029199589
1479 38.2591       1.0502793142
1480 41.8275       1.0400712441
1481 36.7866       1.6020724192
1482 37.9113       0.7176591482
1483 38.8389       0.4722361121
1484 39.757       0.7813485129
1485 35.1587       0.8593528489
1486 37.6068       1.1345600640
1487 37.8076       1.5907407224
1488 36.8361       1.2168113869
1489 40.7772       0.5836826465
1490 41.8282       1.2288359763
1491 39.7727       0.6231943703
1492 40.1604       0.9885107883
1493 36.3961       1.1059346182
1494 37.7848       1.3386023362
1495 35.18       0.7121913504
1496 41.9726       0.8315428759
1497 39.3128       1.1348819379
1498 38.5689       0.8460337988
1499 41.1251       1.5844412240
1500 42.0894       1.6190538037
1501 42.803       0.8890015172
1502 41.6505       0.6615019072
1503 38.6116       0.5257062181
1504 39.9846       0.5294602194
1505 37.4225       0.9849110025
1506 40.3864       0.6806901754
1507 43.2284       1.9191262656
1508 40.4605       0.5300622465
1509 37.4607       1.3221933073
1510 39.1668       0.9215637144
1511 40.3982       1.0292650388
1512 42.1467       0.7318578892
1513 41.9075       1.0285960122
1514 41.4804       0.3129409389
1515 35.5516       0.8842608624
1516 38.2934       0.8040848632
1517 40.5042       0.8156127966
1518 42.9793       0.6833128855
1519 41.2255       1.1254058115
1520 43.0654       1.2614491504
1521 38.1739       0.5983747597
1522 43.5124       1.0554787685
1523 40.151       1.4578451409
1524 35.6698       0.5419672318
1525 40.5698       1.4661313134
1526 43.4786       1.0752570183
1527 38.8892       0.9783799407
1528 35.9883       1.1360244171
1529 38.2238       0.4690583855
1530 40.7523       0.5741302869
1531 41.7874       0.8006625433
1532 36.9847       0.7089854418
1533 34.2887       0.4760980111
1534 43.2523       2.9786295916
1535 42.0618       0.7988575442
1536 45.775       0.8219410062
1537 41.1408       0.3457477579
1538 45.4582       1.4182858215
1539 42.5581       1.5826345540
1540 33.7583       0.6842719919
1541 39.6826       0.7859259948
1542 33.4381       0.6207688257
1543 33.9737       0.1924934653
1544 40.4752       0.4101654978
1545 40.1223       0.5746897547
1546 44.493       0.6131394008
1547 34.7974       1.1883043965
1548 41.0151       1.1867741908
1549 43.6872       1.1806807667
1550 38.0659       0.2833711562
1551 44.3602       1.9122806887
1552 37.0238       0.9093363859
1553 42.4096       0.4740833038
1554 42.3889       0.6443044262
1555 41.3183       2.6636128938
1556 42.7901       1.0635541009
1557 42.7967       0.4617034220
1558 38.8059       0.3998547588
1559 39.7772       0.6114847598
1560 37.7962       0.7640800416
1561 36.8346       1.1157918700
1562 39.5904       1.5834525175
1563 36.1219       1.9091083916
1564 36.2122       1.1683218883
1565 36.6562       0.8032278637
1566 38.747       0.3572705866
1567 39.2625       0.4888775056
1568 40.4533       0.8929978099
1569 35.8888       1.4177315207
1570 38.0846       1.0678544486
1571 40.6648       0.6145310562
1572 41.0678       0.3514165415
1573 43.2429       0.9367532954
1574 41.5037       2.8131091593
1575 37.6199       0.8126060076
1576 38.8802       1.2599250352
1577 43.1692       1.4154844122
1578 36.1401       0.3512200297
1579 43.2068       1.2516558794
1580 41.1868       0.6849711677
1581 37.2368       1.8095537653
1582 39.3717       0.5246568382
1583 39.3043       0.6280192659
1584 42.4875       1.6229612713
1585 42.0195       0.3920958101
1586 41.9029       1.1857435739
1587 40.5618       0.4422407494
1588 34.5786       0.6798663643
1589 37.9175       0.3363527978
1590 39.4958       1.1087013994
1591 39.6182       0.6119369871
1592 36.6338       1.3661082830
1593 37.1379       0.5709303038
1594 38.6085       1.3323264049
1595 37.4272       0.6792238890
1596 39.0463       0.6686711365
1597 35.6429       0.8104724575
1598 34.907       0.4990080858
1599 38.9359       1.1707111938
1600 40.0265       1.0287411656
1601 39.8013       0.7003764143
1602 39.1311       0.8294404225
1603 44.628       1.8456837196
1604 39.0953       0.4747207841
1605 37.505       0.8627231265
1606 38.8548       2.0501215988
1607 34.7708       1.0772917278
1608 39.462       1.0259527354
1609 39.156       0.6418622702
1610 39.9114       0.6895785495
1611 40.1157       0.7657804679
1612 38.2739       1.1531231900
1613 41.3943       0.2887024253
1614 37.2501       0.7840518041
1615 41.0248       0.8449486896
1616 41.0596       0.9911581447
1617 39.642       1.7571247202
1618 36.0431       0.6435673432
1619 43.4083       2.5478473694
1620 38.9607       0.4011549464
1621 38.6359       1.4155725078
1622 35.7996       0.5256647629
1623 41.7766       1.1882594721
1624 38.5427       1.1411098292
1625 38.4934       1.2023853826
1626 38.3114       1.6928592692
1627 40.3271       0.6541462436
1628 38.412       0.6830596827
1629 41.3451       0.4049427003
1630 32.7329       0.3785793218
1631 40.1087       1.0102595099
1632 39.4979       0.5598476574
1633 38.8624       0.5563706907
1634 39.8238       0.8744413664
1635 41.4446       0.7307158888
1636 40.2017       2.3235123051
1637 43.3143       0.6975778173
1638 39.8361       0.7818459783
1639 37.9377       0.9166345853
1640 41.7552       1.4137244745
1641 41.668       1.3722099752
1642 40.4892       0.8823220072
1643 38.1041       0.8677059686
1644 41.0155       0.2580333573
1645 44.1102       0.3354019476
1646 37.6435       1.6645831011
1647 31.8224       0.6539959666
1648 43.1228       0.7678956288
1649 40.2543       0.4792729295
1650 38.9962       0.6871977440
1651 42.4226       0.9756459147
1652 43.3354       0.7937716726
1653 39.4658       0.7420567885
1654 41.1869       0.7768312830
1655 39.5755       1.0503427226
1656 39.6051       0.8408697069
1657 41.9007       0.4942794195
1658 37.5185       0.4901710277
1659 40.5023       1.1870454332
1660 34.6743       0.5278797413
1661 42.3496       1.0548284643
1662 43.5265       0.7029992963
1663 35.3202       0.6847735605
1664 40.381       0.8065287670
1665 42.3088       1.0469034926
1666 39.0796       2.2459757631
1667 33.2782       0.3952804942
1668 40.4298       1.4790935318
1669 38.1194       0.4489776606
1670 32.7991       0.9030242212
1671 37.9909       0.9436371301
1672 39.4366       1.1660344573
1673 35.7565       0.6823070113
1674 36.0181       0.7481890664
1675 39.7258       0.7492554518
1676 37.2484       2.0383743087
1677 41.2843       0.9649858339
1678 39.1426       0.9182090578
1679 39.1303       0.9842426701
1680 38.6224       1.4375977394
1681 41.2952       1.7475367296
1682 39.1988       0.4267780634
1683 43.3757       1.2136172341
1684 38.7829       0.3092069237
1685 40.175       0.7333000246
1686 40.8855       1.0836783214
1687 39.5619       0.7704511756
1688 36.6961       0.6556545671
1689 41.3481       0.8363542070
1690 39.8583       0.4019547243
1691 41.3242       0.4137397264
1692 41.0973       1.1352715254
1693 45.8172       0.9304356785
1694 38.4342       0.4221994000
1695 42.1258       0.4802777696
1696 39.8859       1.2617089241
1697 40.36       0.3256984486
1698 39.9043       1.2370541433
1699 40.8688       0.8273381599
1700 34.6724       0.2660221237
1701 37.6284       4.5831300510
1702 41.5147       1.0059360393
1703 39.823       1.4153621551
1704 39.172       0.8965184108
1705 38.9971       0.7965876968
1706 40.288       1.0681256389
1707 44.1149       1.5422219186
1708 39.9777       0.4122032556
1709 37.8818       1.2208194900
1710 36.6588       0.8879072011
1711 40.6047       0.5116915066
1712 40.9828       2.6215980474
1713 35.7312       0.9208339452
1714 40.0618       0.5526361849
1715 40.9288       1.2184447715
1716 39.7133       0.6262301839
1717 39.4217       0.4744602819
1718 38.6959       0.4877670577
1719 38.8469       0.4701750409
1720 41.5265       0.6947098538
1721 38.5471       1.0738961314
1722 36.0722       0.6685046223
1723 38.6354       0.4214565036
1724 40.0982       1.0433846068
1725 36.094       0.6260494031
1726 39.5553       1.2380801509
1727 36.9934       0.6292429237
1728 41.4923       1.0020554474
1729 38.3307       0.5999814566
1730 39.873       0.9055656140
1731 37.3462       0.6508369114
1732 38.0361       0.6689914999
1733 44.227       1.0608965830
1734 39.4014       0.3087655169
1735 40.0994       0.7968464802
1736 38.4623       1.0347188892
1737 41.1015       0.8920883618
1738 40.6335       0.6570938043
1739 38.1693       1.0278447551
1740 39.2813       0.5791844929
1741 40.8046       0.4806705082
1742 39.7967       0.7737595766
1743 41.4036       0.3796815442
1744 39.1432       0.7902941408
1745 39.4499       0.6416830744
1746 41.3032       0.1910081344
1747 41.4554       0.4736731883
1748 41.5939       2.1194676811
1749 40.2662       1.2166195984
1750 38.7678       0.5166706235
1751 42.5411       1.3851972956
1752 40.2092       1.2110150675
1753 39.126       0.2413569835
1754 43.4423       0.8367623264
1755 38.7055       0.6521991688
1756 38.0934       0.5749198733
1757 39.2384       1.0621683612
1758 39.3477       0.9367346895
1759 41.6       0.5463431134
1760 40.1255       0.8403788134
1761 40.866       0.4278466000
1762 42.3758       0.3303532212
1763 43.2186       0.7466332407
1764 39.2995       1.1558151323
1765 40.9964       1.5065875617
1766 39.6398       0.4493716309
1767 36.2489       1.5687535541
1768 40.5714       1.0980311195
1769 39.9694       1.4294895071
1770 39.5126       0.8467859873
1771 38.5722       0.7347295056
1772 41.491       2.0194828005
1773 44.7699       1.6513197699
1774 39.8237       0.4717347125
1775 43.0401       1.3943591286
1776 45.4256       2.5984254842
1777 44.6308       0.7436889990
1778 41.9976       2.1503360358
1779 41.9633       0.9905472329
1780 41.2113       0.3201226231
1781 39.4133       1.1666069299
1782 39.8646       0.3491996643
1783 34.337       1.0900393859
1784 42.7985       0.6587273812
1785 43.5067       1.3407479180
1786 43.0246       0.7072327512
1787 39.2019       0.4978598916
1788 39.8841       0.2765263144
1789 37.1114       1.9833509154
1790 42.9085       0.9105609832
1791 36.9604       0.8546413212
1792 42.9747       0.5921688264
1793 43.2258       1.1268275528
1794 43.8879       1.2780827105
1795 42.4324       3.9733844199
1796 44.142       1.5274423254
1797 41.7138       0.6223820799
1798 37.105       1.2929629610
1799 33.3935       0.5042775396
1800 34.4388       0.7281480529
1801 37.3952       0.6321375928
1802 42.3181       0.5551747756
1803 39.0548       0.4324415508
1804 35.2393       0.5247110320
1805 40.8157       2.7368110267
1806 39.7325       3.4211479106
1807 43.7858       0.8586589599
1808 35.497       0.6141827441
1809 40.6442       0.1722388261
1810 41.0171       1.8728245202
1811 40.8593       0.5617314768
1812 37.9431       0.7296359138
1813 37.2314       1.1552774680
1814 39.7776       1.3348727413
1815 34.046       1.0599857836
1816 40.6484       0.7839960077
1817 35.2359       1.3869017596
1818 40.685       0.7153183434
1819 41.5293       1.5916114330
1820 40.0824       0.8465055469
1821 43.9121       0.3920615608
1822 31.9662       1.7622373939
1823 44.6322       0.4444302771
1824 42.575       1.0816043794
1825 40.4586       0.9407817972
1826 38.456       0.9633492150
1827 42.1353       1.0679318045
1828 41.6356       0.7341514449
1829 39.7582       1.0166339061
1830 44.1415       0.9191382952
1831 40.2807       1.2492162264
1832 41.9061       1.7011471901
1833 38.2736       0.7535237451
1834 45.198       2.5464542851
1835 42.9774       0.5069444165
1836 41.7794       0.3794508691
1837 40.0634       0.3042704282
1838 39.6355       0.9797523418
1839 40.9149       1.2811714241
1840 40.3185       0.4545489933
1841 38.6991       0.7254417300
1842 41.488       0.7595948775
1843 41.4611       0.6238003969
1844 42.7055       0.8568968566
1845 43.3125       1.5247203194
1846 42.3927       1.3097570948
1847 38.6048       0.6804896486
1848 40.5935       0.6388432843
1849 39.756       0.4720415566
1850 40.9215       0.6042257001
1851 41.5833       1.7377009935
1852 38.7836       0.6966957906
1853 41.165       1.5309604208
1854 42.0302       0.6890633849
1855 42.722       2.5363150122
1856 40.0534       0.2338720901
1857 38.7101       0.9186139445
1858 42.2236       0.6784040200
1859 44.2784       1.6734319269
1860 41.906       0.6344469891
1861 38.9121       0.7188999138
1862 41.9659       0.8597470131
1863 42.7922       2.3772434048
1864 46.2268       2.0172064019
1865 41.8069       0.5954803338
1866 38.4576       1.4587552010
1867 42.4139       1.0088674643
1868 37.0881       0.5992850026
1869 43.3434       0.9558988027
1870 42.9808       1.1400215626
1871 39.383       1.4693794267
1872 40.0032       2.3537358983
1873 41.2756       1.4554908661
1874 41.1415       0.5263745497
1875 41.488       0.4122353422
1876 41.4897       1.4385974095
1877 42.3378       0.9920401028
1878 43.1119       0.9198148277
1879 41.0885       0.3741799107
1880 38.9271       0.5496585398
1881 40.296       1.0218378197
1882 37.1088       0.5619454017
1883 40.6401       0.4668597036
1884 41.2394       1.5015978079
1885 37.2652       0.9623048458
1886 38.2702       0.5429664816
1887 40.0684       0.7611824807
1888 40.6407       1.2397125162
1889 40.5146       0.7353620722
1890 40.7119       1.0358924136
1891 40.6126       0.5927134098
1892 38.7715       1.0118500695
1893 37.8854       1.4956299666
1894 41.4441       0.8613075972
1895 40.4       0.7564053575
1896 40.1693       1.0408026256
1897 40.8086       1.0483177623
1898 37.6029       0.8989619780
1899 41.7638       0.7753109304
1900 41.3486       0.7265566509
1901 40.1118       0.3374604882
1902 37.5273       0.4509236938
1903 42.7072       0.5046097495
1904 36.0177       1.4203187140
1905 43.1545       1.0236159129
1906 35.831       1.2446608338
1907 44.3328       0.4547203222
1908 41.5131       1.2961102656
1909 40.5919       0.6373744654
1910 40.4271       0.8907070547
1911 37.7161       0.3239761329
1912 41.6532       0.9020799361
1913 44.4364       0.9532714509
1914 39.3956       0.8418717637
1915 36.6936       1.1870887059
1916 39.339       0.9307626556
1917 39.0112       0.5745741206
1918 37.528       0.5911768911
1919 45.3038       1.4080104081
1920 41.6493       0.4416790744
1921 41.2337       0.8266958221
1922 44.3219       1.2115031220
1923 41.0542       0.7599607214
1924 40.1607       0.4508460170
1925 37.846       0.9066568325
1926 36.4853       0.7657576928
1927 36.991       0.9459412497
1928 42.8742       1.1079457882
1929 39.4987       1.3472377697
1930 42.7536       0.8959417914
1931 36.9868       1.2828356799
1932 42.8519       0.8557853796
1933 40.3182       0.9965882612
1934 40.1938       0.7595579494
1935 41.7221       0.6715734497
1936 41.0269       0.6557393744
1937 39.1753       0.4368639511
1938 41.3098       0.4880095438
1939 40.495       1.1533531936
1940 42.7848       1.1440546456
1941 37.1318       0.8420252601
1942 40.3438       1.4401547857
1943 46.3972       1.7972192344
1944 41.3969       0.8518582513
1945 38.5434       0.8373600392
1946 40.3702       1.1147597434
1947 43.748       0.5288666448
1948 39.5749       2.7635449516
1949 39.4061       1.3940947084
1950 42.0884       0.9489236990
1951 40.7231       1.4484399621
1952 39.568       0.8088621627
1953 42.6344       0.9093314524
1954 40.5103       0.7827373795
1955 35.7054       0.6822050454
1956 39.3434       1.6558466647
1957 39.4884       0.6180636736
1958 42.7782       0.3731527115
1959 39.1208       0.5441423354
1960 41.2958       0.8788336930
1961 42.0257       0.8957903028
1962 41.6411       0.4785303435
1963 42.0431       1.5228188055
1964 41.6246       0.4227179345
1965 38.7222       0.9802136976
1966 40.3538       0.9135749569
1967 41.0633       0.8580335866
1968 42.5762       0.9576454299
1969 42.3861       1.1859856026
1970 43.1014       1.3307270387
1971 41.9496       1.2918603249
1972 41.4984       0.9072857400
1973 42.7319       1.7357569594
1974 38.0343       0.4835713079
1975 42.1614       0.8548749113
1976 38.1972       0.9243423662
1977 41.1125       1.2914638425
1978 42.1178       0.7326831061
1979 39.6578       0.9461046389
1980 41.7007       0.3888426334
1981 41.6432       0.9043010038
1982 45.1515       0.8516925977
1983 38.8217       0.5856388474
1984 40.4629       0.5333244038
1985 40.0008       0.8960848121
1986 37.9192       0.7401554577
1987 41.7086       0.6812656267
1988 44.9419       0.7364128233
1989 39.5671       1.1377665488
1990 43.4923       1.8000171379
1991 43.1228       0.5466019410
1992 44.8218       0.8451717141
1993 42.3968       0.3688813973
1994 40.8747       0.6282245069
1995 38.2299       0.6482252242
1996 38.1045       1.0037050336
1997 36.1567       0.2976727311
1998 41.2833       1.0476698051
1999 41.6795       0.9462058806
2000 42.6733       1.4011458049
2001 44.387       0.3762376420
2002 47.7874       0.7782542213
2003 42.5218       1.3426062033
2004 38.8059       0.5425786431
2005 41.593       0.9184289822
2006 40.0033       0.6637777419
2007 42.4934       0.9217309640
2008 39.7645       0.6490081461
2009 40.3539       0.4964459801
2010 39.907       1.6096761233
2011 43.3158       1.0990487032
2012 43.2365       1.2102678774
2013 38.1454       0.6727477957
2014 41.7556       0.2658489416
2015 39.1465       0.9428387024
2016 35.9598       0.4559047487
2017 43.836       1.4865865251
2018 42.6223       0.9951454712
2019 43.5079       0.6862764577
2020 44.1856       0.4971544087
2021 43.4935       0.6002979612
2022 42.5873       1.5232461846
2023 41.4679       1.1728540211
2024 41.6801       0.7391475805
2025 42.4782       1.7118701597
2026 44.0627       0.6021810606
2027 41.2624       1.6455861476
2028 41.4807       0.6629184298
2029 42.8287       2.1775664294
2030 38.2397       1.1819676313
2031 40.5303       0.3798559976
2032 42.8911       2.5515341007
2033 44.7509       0.6376394854
2034 37.047       0.7372099924
2035 42.264       2.0293391515
2036 43.7634       1.5133625574
2037 40.4249       1.0481827288
2038 41.596       0.8805074185
2039 38.4518       1.0961657099
2040 36.9424       0.4103864280
2041 40.73       0.4338945543
2042 43.6898       1.7827616969
2043 42.4369       1.1968113176
2044 44.0242       1.1880149709
2045 41.0249       0.6396360640
2046 42.1297       0.8983204364
2047 41.3872       0.6247423827
2048 37.7323       0.4067927270
2049 44.4077       1.0029832953
2050 42.5938       1.5060968286
2051 38.058       0.4005736050
2052 44.0912       1.1640333683
2053 35.372       0.9142073471
2054 44.5893       0.5926973899
2055 39.1708       1.4489185101
2056 42.904       0.4494039179
2057 42.6232       0.9343644505
2058 42.675       0.9668100822
2059 44.4618       1.8874184280
2060 43.2186       0.3891748039
2061 40.9912       0.5644882497
2062 40.0769       0.9095944871
2063 40.6951       0.5643650636
2064 45.8768       2.2569847818
2065 38.9784       0.1513099799
2066 40.178       1.3839961825
2067 42.6172       0.7303355174
2068 43.4881       1.0080132158
2069 42.54       0.7247806323
2070 38.0892       2.7418131890
2071 42.8896       1.5845795281
2072 43.387       0.7777663141
2073 43.6915       1.3976550075
2074 42.4899       0.8344895824
2075 42.2698       0.9691128593
2076 40.5097       0.5640905376
2077 39.3671       0.5666723551
2078 40.9108       1.9601708210
2079 41.3978       1.4664655374
2080 45.4278       1.0178697151
2081 41.723       0.8317583146
2082 42.6728       1.1775973972
2083 39.8392       0.8070504497
2084 41.8857       0.5249575993
2085 41.6868       0.8668953407
2086 42.8891       0.4199165456
2087 41.9613       1.7028906824
2088 40.5747       0.7522895343
2089 43.5966       0.9914570728
2090 44.8087       1.5369061331
2091 37.5349       1.0310070727
2092 41.141       1.0825444985
2093 39.7652       1.0867820690
2094 40.9621       0.7803208336
2095 44.4917       0.7188731271
2096 41.7981       1.2473643438
2097 43.278       1.0207655328
2098 43.2139       0.5951666897
2099 41.8007       0.4393142681
2100 39.4793       0.6425308920
2101 42.9304       0.8455802301
2102 40.6739       0.7087318477
2103 43.5989       1.6488064383
2104 39.7639       0.9862957995
2105 39.8709       0.9773799826
2106 41.9633       2.0783407503
2107 39.1081       1.4254278555
2108 38.5056       1.3727874549
2109 39.4596       1.9384552379
2110 40.2473       1.2982506381
2111 44.7009       1.2573664012
2112 39.9208       1.3174951207
2113 45.7239       0.7930366501
2114 38.6061       1.1102351074
2115 39.0367       1.6167655418
2116 41.5249       0.6862503575
2117 39.3214       0.8015077398
2118 41.0418       0.8044755442
2119 41.1526       1.2846123514
2120 35.4164       0.5722611008
2121 41.7922       0.7683496826
2122 45.6222       0.6507232942
2123 42.3114       0.6186136977
2124 43.6462       0.5421495851
2125 42.1834       0.5772609526
2126 40.0922       0.3330767345
2127 41.8138       0.6363227183
2128 39.9311       0.4800801130
2129 42.3552       0.3809597719
2130 42.7257       1.5000426161
2131 39.7026       0.5568831496
2132 40.9675       0.6132785218
2133 45.1184       1.1613322037
2134 44.1526       1.4003250719
2135 41.8856       1.0479153073
2136 42.7722       1.9127958913
2137 41.3204       0.6698311580
2138 41.691       0.7168867191
2139 41.9063       1.9206029724
2140 43.2102       0.8683101144
2141 41.5258       0.3478289490
2142 38.7159       1.9413237674
2143 37.5819       0.9792363976
2144 40.6268       1.2493104260
2145 41.2586       1.2148456083
2146 44.8443       1.2308288514
2147 45.5498       1.3586303653
2148 45.1745       0.9572214857
2149 40.7119       0.4433412382
2150 44.6491       4.9556773680
2151 43.6946       1.7812626079
2152 40.6773       0.8650218477
2153 42.7023       0.6192288229
2154 40.5552       0.3290094422
2155 44.3198       1.1349982549
2156 38.803       1.1952948920
2157 43.517       0.3841461519
2158 40.6259       1.1561808013
2159 42.617       0.6927927827
2160 43.4959       0.8441902933
2161 42.3221       1.1877651086
2162 41.3674       0.5884512528
2163 41.4493       1.0337849770
2164 39.3325       0.8927544430
2165 40.1032       0.3461205048
2166 43.1277       0.9544293898
2167 36.1551       0.4773771006
2168 41.4171       1.0518892983
2169 41.6577       0.4913479187
2170 41.1329       0.9317702966
2171 39.8767       0.1673404377
2172 37.0041       0.2097790866
2173 40.2716       0.7515841135
2174 40.2736       1.0402102956
2175 37.4608       1.0052570650
2176 43.015       0.7137576064
2177 41.9217       1.8784349385
2178 41.9634       0.6231037909
2179 44.1784       0.5719424547
2180 42.9013       0.2310907479
2181 39.299       0.5075558029
2182 42.9338       0.9088131863
2183 40.7523       0.6342353352
2184 43.0292       0.5388416002
2185 42.0831       0.9204656107
2186 41.7641       1.2237216946
2187 42.8072       0.5868948059
2188 42.3782       0.5781432703
2189 44.4077       1.1212728042
2190 40.5541       1.4843557993
2191 38.1004       0.2831103012
2192 42.183       0.7910007455
2193 44.2877       0.8623782703
2194 40.6714       0.6640264982
2195 40.7605       0.8482196471
2196 42.0049       0.2583899103
2197 41.5075       0.1444476096
2198 44.1853       1.2846298643
2199 41.6951       0.6802034041
2200 39.9709       0.5604110375
2201 43.1965       0.5663416282
2202 42.4931       0.1930888119
2203 40.146       0.2107980201
2204 37.6022       0.3444358303
2205 40.711       1.6225553358
2206 41.3777       1.0887231036
2207 41.0672       1.0500311040
2208 35.3572       0.6086849759
2209 41.4603       0.6342592443
2210 43.7388       0.7771795294
2211 44.2549       1.6463473034
2212 42.4702       0.7538371092
2213 42.1611       0.5069984857
2214 42.3438       0.7556004932
2215 44.7071       0.5826490315
2216 41.0526       0.5197988141
2217 39.5725       0.6677416505
2218 41.3199       1.1107240076
2219 41.4689       2.1044196805
2220 42.9787       1.3757462300
2221 44.8733       0.8999884528
2222 42.2151       0.3911958988
2223 40.8935       0.5883193125
2224 40.7783       1.0960424672
2225 40.8087       1.1694244297
2226 39.7704       1.9995657907
2227 45.0262       0.7952833567
2228 43.7724       0.7184765983
2229 42.5752       0.3982301639
2230 41.2494       0.6865294580
2231 42.5306       0.2690449777
2232 39.6986       1.1091612244
2233 40.5729       1.1302677957
2234 43.6337       1.7433430376
2235 45.6521       0.7366872893
2236 42.3353       0.4564532697
2237 41.8033       0.4377863619
2238 42.2894       0.6985676096
2239 41.8283       0.4459371583
2240 40.3132       0.2277837807
2241 46.0381       1.2518382343
2242 39.3966       1.0044130373
2243 40.902       0.9744157164
2244 41.8503       0.3893441315
2245 38.9987       0.7068584861
2246 38.2732       0.6956011380
2247 39.2107       0.7698744482
2248 41.8831       0.3224767655
2249 36.7241       0.7136422488
2250 41.572       0.3435709123
2251 46.5233       0.6362028630
2252 41.806       0.5347005494
2253 42.5423       1.3123817946
2254 47.1925       0.6688660693
2255 44.6757       0.8738931305
2256 41.6845       1.0911628806
2257 40.9238       0.4747818402
2258 42.0481       0.9628492256
2259 41.7756       0.7089931102
2260 41.4981       0.6644622064
2261 41.6288       1.3400551400
2262 42.982       2.7455239584
2263 36.1067       0.8387068488
2264 36.761       0.9948172213
2265 45.1301       1.7873514208
2266 43.9374       0.5131455469
2267 39.1746       0.7462170367
2268 41.3241       0.4387086760
2269 42.9278       0.1447673555
2270 40.4588       0.5201773073
2271 45.8311       2.4226014059
2272 47.3698       1.5204000676
2273 41.8173       0.5887342806
2274 41.0672       1.2121846003
2275 44.7897       1.5400276485
2276 44.1624       1.0472347699
2277 40.4862       0.2653474274
2278 43.0054       0.9775397568
2279 45.5079       0.7256458493
2280 42.4324       0.8779191417
2281 49.0245       0.5197403355
2282 42.5968       1.1199949112
2283 46.1089       2.5466985977
2284 38.8756       0.7973105509
2285 40.7697       0.3766900129
2286 42.546       0.7373541317
2287 44.6594       1.2195751445
2288 41.6887       0.8090306261
2289 37.81       2.6433962171
2290 42.6997       0.3868203763
2291 41.2028       1.2131318658
2292 40.6687       0.3060498876
2293 44.245       0.5175387523
2294 41.5585       0.9085871744
2295 41.0192       0.8185991269
2296 42.6493       1.0277889671
2297 47.1485       0.6860675862
2298 41.441       0.6248469084
2299 42.8585       1.5934305351
2300 40.8778       0.9696707964
2301 45.0751       1.2627519631
2302 42.5698       1.4701958184
2303 41.8177       1.1594012516
2304 40.5327       1.4505169088
2305 42.0597       0.8937244714
2306 40.1708       0.7331544472
2307 42.3401       0.8567138409
2308 41.2839       1.1535517504
2309 40.8417       0.4509435889
2310 42.8896       1.0668412134
2311 41.3784       0.7012141734
2312 47.2532       1.5400343615
2313 42.9742       0.4931759510
2314 42.127       1.2901684815
2315 43.0784       0.4335165865
2316 40.5564       0.9427707932
2317 43.2999       0.9555939497
2318 48.0542       3.6048662750
2319 46.3272       2.8492758376
2320 43.1507       1.7924869404
2321 43.7491       1.1572252606
2322 45.2205       0.9566630982
2323 44.8177       0.3541990871
2324 39.7631       1.4533126954
2325 43.0752       0.5636791715
2326 40.7793       0.7147917370
2327 41.3334       0.8626191061
2328 44.0872       1.3771678544
2329 38.415       0.8814390409
2330 42.7381       0.9828664873
2331 41.4153       0.8512926141
2332 45.714       2.8956198587
2333 42.2904       0.7850469750
2334 42.8665       0.6279600590
2335 41.3062       0.7917649493
2336 40.8993       1.3880002356
2337 42.396       0.7636357997
2338 43.3375       0.9765024629
2339 42.0189       0.5566528808
2340 42.5302       0.8555199541
2341 41.0982       0.5016217211
2342 42.348       1.2129998594
2343 42.1614       0.0832619540
2344 45.6915       2.6549150497
2345 43.8142       0.7967072177
2346 43.2463       0.3921998680
2347 38.1044       1.1184116021
2348 42.5335       1.6899238700
2349 42.1929       0.8763455877
2350 42.2558       0.3408459345
2351 39.6082       3.2890286029
2352 43.4253       1.3276697532
2353 40.5302       0.3967133924
2354 42.031       0.4125818868
2355 38.947       0.2709784125
2356 41.6276       0.5906973449
2357 43.2307       1.4154145469
2358 41.7204       1.3117771309
2359 43.023       0.7974907732
2360 45.0158       0.6343123881
2361 41.4283       1.1900102002
2362 46.5711       1.8121522401
2363 43.5659       1.0821591729
2364 41.3605       2.5681375950
2365 42.1563       0.1861987991
2366 38.3564       1.1696191154
2367 43.3132       2.3421606622
2368 41.9382       1.2285515874
2369 44.3373       0.5360769634
2370 42.3618       0.8802388549
2371 44.1676       0.3931105090
2372 39.3693       0.4266229402
2373 41.4181       0.6064064797
2374 47.3474       1.6595015027
2375 44.5344       0.6805011514
2376 43.3693       2.2139388103
2377 41.1668       0.5904206682
2378 38.4779       0.8291275496
2379 36.9895       0.4084695327
2380 41.2538       0.6746574780
2381 44.8469       0.9547903833
2382 44.2244       0.5470469663
2383 43.146       0.7549537901
2384 42.7263       1.2191832155
2385 37.3346       1.5248405521
2386 45.318       0.8348442490
2387 39.3231       0.7439437652
2388 37.2699       0.3935375843
2389 38.038       0.4731904155
2390 37.7623       0.2672562369
2391 41.3409       0.5395275414
2392 38.5156       0.4937763580
2393 40.9535       1.9360501195
2394 39.0869       0.9164901606
2395 43.0087       0.5315994000
2396 40.933       0.9912302479
2397 43.7835       1.0667702535
2398 41.4589       1.3131197843
2399 41.481       0.6919953182
2400 40.8812       0.4029435856
2401 44.1929       1.1105671292
2402 41.4343       0.4669878810
2403 37.8956       0.7059834960
2404 37.8334       1.4334810492
2405 45.5851       1.0016383344
2406 43.1819       0.4307806751
2407 35.3643       0.3399252200
2408 42.4992       0.5498426786
2409 41.8416       0.7426718759
2410 42.0506       0.4357329144
2411 43.0314       2.3370338740
2412 46.5965       2.3479918078
2413 43.8082       1.7762678474
2414 42.1767       1.2881879533
2415 46.6502       1.4589890917
2416 43.2393       1.4515214571
2417 42.7531       1.0517389137
2418 43.7038       1.5904124610
2419 42.3355       0.4778380745
2420 40.9809       0.4699136903
2421 44.3693       1.9243265035
2422 42.8554       0.6886637435
2423 49.365       1.7845524118
2424 41.8668       0.9271646020
2425 42.7206       2.2899409575
2426 42.1224       0.7116413200
2427 44.2295       1.2336843075
2428 39.4917       0.3691183273
2429 47.08       0.9886861246
2430 43.7893       0.7247517147
2431 41.6861       0.8215548545
2432 47.2956       2.0809811565
2433 42.0505       1.2261704505
2434 42.9707       0.6473177369
2435 40.5962       0.4578372554
2436 42.8066       1.4200865607
2437 44.3798       1.0177246165
2438 43.4948       0.4986660125
2439 41.415       1.4048965704
2440 43.0315       0.2424231115
2441 43.1109       0.6393773947
2442 45.6481       1.2019661468
2443 42.677       0.1937757916
2444 43.2715       1.1107174547
2445 44.3367       1.7813237647
2446 43.9814       1.1838820869
2447 45.5361       1.1469851894
2448 43.1396       1.4791268996
2449 43.1525       1.2323337952
2450 45.7978       1.2940852208
2451 41.7772       2.2134810401
2452 39.3109       1.2454473718
2453 50.1592       6.9999894290
2454 46.695       0.6109073027
2455 42.1413       1.9480624158
2456 44.1165       0.7191563115
2457 42.5479       1.0919265484
2458 42.3004       0.9911860058
2459 40.3239       1.3503651772
2460 44.103       0.9140127287
2461 44.1309       0.5239945169
2462 40.2447       0.5312475812
2463 39.9967       1.1483202859
2464 43.8544       0.9542820130
2465 39.5182       0.6561220442
2466 41.1988       0.2890647120
2467 41.5359       1.7824664783
2468 40.45       0.5777491079
2469 46.1374       3.4783019306
2470 42.3291       0.7883302181
2471 41.5566       1.2688233379
2472 44.4348       0.9730249238
2473 45.7756       1.4839144487
2474 40.1487       0.8332931559
2475 40.6913       0.9129440770
2476 43.8956       0.7711180439
2477 39.5305       1.2897836877
2478 45.2421       1.4252154905
2479 40.7885       1.1633576449
2480 43.7838       0.4663444129
2481 43.4492       1.2288217582
2482 41.1786       0.8198305460
2483 42.1735       0.4614310491
2484 43.3848       0.9134400662
2485 38.9753       1.5977470572
2486 40.9562       0.6923148730
2487 43.9554       1.2734459448
2488 39.8749       2.0422113384
2489 42.0077       0.6335884391
2490 39.6994       0.4971928655
2491 43.8679       1.7279166620
2492 40.5183       0.9454886292
2493 42.8256       0.8952109910
2494 39.6022       1.0709674615
2495 44.8281       1.6436530026
2496 41.8949       1.1094531651
2497 41.8443       1.0932827103
2499 45.1355       1.1863187238
2500 42.5203       0.6724258125
2501 47.9293       1.6497722539
2502 45.936       0.9786515749
2503 40.0254       1.1885107123
2504 44.7085       1.3675157653
2505 41.7774       0.4916812225
2506 41.72       1.3519533335
2507 44.7223       0.5408998231
2508 42.9143       0.6381285231
2510 44.0056       2.0844440261
2511 44.8421       2.2315871445
2512 38.8548       0.9078764359
2513 46.6058       1.1663458780
2514 43.9404       0.9739041204
2515 44.2273       1.2865663089
2516 43.6094       0.9223393396
2517 45.3932       1.4994356424
2518 42.6424       0.7841155796
2519 46.1127       0.5532776827
2520 42.0403       0.8633026165
2521 39.5525       0.9161363371
2522 43.0062       0.7231187525
2523 40.4921       0.4031551352
2524 42.1065       0.7137554356
2525 42.3839       0.8619349308
2526 47.8156       2.4083988387
2527 44.995       1.0529375300
2528 42.3127       1.3741703919
2529 47.8737       1.5380316336
2530 45.4289       1.3118909501
2531 45.2298       1.0235742646
2532 42.7357       0.6900984383
2533 44.2002       1.2553148166
2534 44.6925       0.9692114517
2535 41.0769       1.0367229334
2536 42.9491       0.8955626530
2537 46.0902       0.9185647429
2538 43.96       1.7028502201
2539 37.1468       0.8847825669
2540 42.5554       2.8747674088
2541 44.4453       1.1238753506
2542 47.2058       1.0754891751
2543 45.0932       1.7396906009
2544 42.8212       1.8079370677
2545 43.3216       0.6290627142
2546 41.2687       0.9166572035
2547 44.6182       1.8002999898
2548 43.7455       0.5582876154
2549 42.4689       0.5532538043
2550 43.1294       0.4956008113
2551 42.102       1.1595635875
2552 45.327       0.6484205791
2553 47.5667       1.6644200458
2554 45.5555       0.6845455833
2555 44.0675       1.7125547332
2556 37.1238       0.8074363510
2557 42.2832       1.7476723298
2558 42.1575       0.7597548548
2559 46.4191       2.9097042832
2560 41.0353       0.5413421089
2561 42.2483       0.5950308271
2562 45.1746       0.6493577383
2563 45.608       0.9549706917
2564 44.219       0.6853306295
2565 45.0583       1.3479937958
2566 45.9995       2.6511059441
2567 44.3988       3.0804268949
2568 43.6485       0.9375140032
2569 45.42       1.1295286627
2570 40.6025       0.4372021857
2571 43.6869       1.2465515170
2572 45.525       1.1219679567
2573 43.2957       1.3749480830
2574 41.3942       1.5602699987
2575 42.8884       0.9428588765
2576 43.4183       1.0134523007
2577 48.0656       2.2320240891
2578 44.4219       0.5305057197
2579 44.4188       1.0499496534
2580 42.5053       1.3059468822
2581 42.631       0.9981941710
2582 42.9088       0.3219500101
2583 43.5264       0.6010497679
2584 43.2721       0.8436590228
2585 45.1319       2.1260974148
2586 39.8126       0.6408412939
2587 42.9751       0.9071643528
2588 43.9129       1.0444096943
2589 43.2424       2.0611084985
2590 42.8059       0.1091014967
2591 51.0956       2.9177345870
2592 41.3474       1.3302734513
2593 47.3876       1.7377132793
2594 43.9929       1.9076659020
2595 44.5922       0.8092256607
2596 40.9013       0.7440293121
2597 44.6718       1.1879383540
2598 42.373       0.3637659647
2599 45.2131       1.0465927160
2600 43.1922       0.9707517871
2601 43.9346       0.6191704708
2602 43.3441       0.8409583344
2603 42.9955       0.5249831873
2604 42.2832       0.6484751917
2605 41.2503       0.7507791648
2606 37.9563       0.6831709903
2607 42.7972       0.6378362683
2608 42.7312       0.4966782540
2609 42.7285       0.9922040665
2610 41.2529       3.3129793534
2611 41.2598       0.3991437893
2612 42.2634       1.6080191593
2613 45.2318       1.7112358083
2614 43.6495       0.9552693684
2615 42.296       0.5586350046
2616 45.0832       1.5752317671
2617 45.1581       1.0790481041
2618 40.6469       0.7043589236
2619 45.1057       0.9536361733
2620 45.1045       2.4361550384
2621 40.9997       1.5722816897
2622 44.4747       0.5498199422
2623 41.1619       0.4522832188
2624 42.2427       0.6546661264
2625 41.3834       1.4047798815
2626 41.6224       0.9392778502
2627 43.0809       0.5049847356
2628 40.8675       1.9447241191
2629 43.5215       1.4564341694
2630 44.4285       1.6159467686
2631 43.5476       1.7258006930
2632 42.0927       0.3195352854
2633 40.2087       1.4825965697
2634 43.0986       1.1493287022
2635 45.297       0.8840784458
2636 45.0548       0.7487326196
2637 42.6109       0.8866043793
2638 47.96       1.1957688331
2639 47.1549       1.1097963707
2640 42.9695       1.9745829310
2641 44.267       1.0303943339
2642 49.101       2.3857779111
2643 45.6705       1.7659384067
2644 42.9809       1.0400917506
2645 42.6104       1.2332189806
2646 40.6156       0.5385960296
2647 44.1024       1.3473868639
2648 43.2338       1.0042194217
2649 43.2583       0.6560545966
2650 41.7528       0.8892859434
2651 43.6497       0.9149385581
2652 42.2915       0.4474689311
2653 45.4245       0.7684886369
2654 45.4689       2.2746961163
2655 42.6153       0.3776051125
2656 44.6716       0.7362071723
2657 43.8534       1.2274155829
2658 42.5598       0.3322771946
2659 43.9263       2.3941398148
2660 43.5793       0.2511982971
2661 44.1471       1.3026824491
2662 44.547       2.3914484900
2663 46.0516       1.6027680298
2664 45.6769       2.3875790954
2665 41.8018       0.8638503626
2666 44.6782       0.8480844334
2667 44.0471       0.4355601039
2668 40.6245       1.0991438976
2669 44.9647       1.5612876518
2670 43.718       1.1947181775
2671 41.5805       1.1951071909
2672 42.7564       1.5724692785
2673 43.2701       0.2831955057
2674 42.3026       1.0645183959
2675 43.5824       0.8866396148
2676 44.6164       1.1456439244
2677 41.0067       1.1794258852
2678 42.5824       0.9053206223
2679 42.7694       1.0285640729
2680 42.9149       1.0054997731
2681 47.4719       1.2788195642
2682 42.2331       0.9583515371
2683 43.78       0.8426186423
2684 44.875       0.8694417890
2685 46.3047       0.4872277761
2686 44.9741       0.5469929282
2687 42.307       0.3779295830
2688 43.675       1.7966730481
2689 37.3617       0.2367197294
2690 46.2873       1.3406381225
2691 42.4401       0.3035674488
2692 43.2703       1.1456780860
2693 43.166       0.6750509260
2694 45.0323       2.4490195738
2695 42.8976       1.0925958958
2696 44.9898       1.0839112962
2697 42.9197       0.8690787825
2698 42.7811       1.3875743746
2699 43.4636       0.2337953717
2700 41.8081       0.2682492380
2701 40.1617       3.1626415780
2702 42.7736       1.2059370923
2703 43.2326       0.7850033534
2704 39.8729       7.4251425696
2705 45.2755       0.4529169821
2706 45.059       3.3932724718
2707 40.0828       0.3477018927
2708 42.1565       2.2714518314
2709 46.83       1.1908746890
2710 41.988       0.3935132430
2711 43.2837       0.8059548102
2712 43.8402       0.8137694172
2713 44.9306       2.8165586223
2714 44.2492       0.7323608899
2715 43.9215       0.9823486091
2716 42.4775       1.0168660806
2717 43.6759       0.7758052021
2718 44.2253       0.6707839093
2719 43.2367       1.4373093086
2720 44.5015       3.2209941148
2721 42.3593       0.5396430895
2722 43.2643       0.3854849498
2723 37.1146       0.9381979992
2724 40.3101       0.3115632043
2725 41.5579       1.0325179414
2726 43.4095       0.9090749446
2727 42.6384       1.5010455564
2728 44.3833       1.1339694576
2729 42.5699       0.7850141120
2730 42.9761       0.7986284068
2731 44.9674       1.3456671567
2732 43.5065       1.0487252636
2733 43.7425       1.2201567350
2734 48.6618       1.7826933025
2735 41.8741       0.7396196004
2736 45.5585       1.9578442224
2737 43.2628       0.5283266097
2738 45.0185       1.2897571731
2739 46.7607       0.5186076696
2740 42.2726       1.2492266032
2741 46.2121       1.7030791198
2742 45.5307       1.0024296309
2743 41.3904       0.7858288441
2744 44.4682       0.4695604429
2745 43.9093       0.7243455472
2746 40.4141       0.6859955319
2747 42.6487       1.0005273183
2748 44.438       1.1240698980
2749 38.9402       0.6476932632
