#str         Henry coeff (mol/kg/Pa)          error (mol/kg/Pa)   
0        0.000455057       0.000226177
1        0.000221408       2.29979e-05
2        0.00041328       9.48013e-06
3        0.000251852       2.89276e-05
4        0.00046695       1.50531e-05
5        0.000407867       7.52776e-06
6        0.000238112       8.97629e-06
7        0.000516008       8.69896e-05
8        0.000331403       8.73807e-06
9        0.000333017       1.10967e-05
10        0.000170179       3.55191e-05
11        0.00043561       7.98344e-06
12        0.00028561       4.9073e-05
13        0.00062848       8.10995e-05
14        0.00020325       3.38227e-05
15        0.000396726       8.14489e-06
16        0.000178991       7.77086e-06
17        0.000395307       6.82293e-06
18        0.000649108       7.77197e-05
19        0.000290458       6.93063e-06
20        0.000804682       4.15909e-05
21        0.000444033       1.57863e-05
22        0.000605982       7.87719e-05
23        0.000226564       1.23099e-05
24        0.000741775       4.35088e-05
25        0.000831977       0.000126653
26        0.000553044       2.29484e-05
27        0.00141336       0.000116732
28        0.000393506       0.000116956
29        0.00143128       5.40806e-05
30        0.000263022       1.62769e-05
31        0.00237622       0.000118921
32        0.000416777       6.40912e-05
33        0.000736807       0.000224574
34        0.00072309       9.46817e-05
35        0.0010919       0.00012393
36        0.000613166       4.99507e-05
37        0.00357033       0.000324693
38        0.00133577       5.89646e-05
39        0.00124165       0.000112801
40        0.00161017       0.000207503
41        0.000512174       1.90034e-05
42        0.00181259       0.000207092
43        0.00123434       9.18344e-05
44        0.00148163       8.62547e-05
45        0.00179743       0.000350329
46        0.00161316       0.000147362
47        0.00160913       8.63292e-05
48        0.00138499       0.000103404
49        0.00221642       0.000132406
50        0.00134108       0.000222018
51        0.000455264       6.91997e-05
52        0.00139731       4.81528e-05
53        0.00121897       5.7136e-05
54        0.000431584       3.47606e-05
55        0.000854367       0.00019079
56        0.00146371       5.69184e-05
57        0.00156637       0.000206238
58        0.0028658       0.000339327
59        0.00174505       0.000458073
60        0.00240481       0.000312356
61        0.000235003       4.31433e-05
62        0.000534518       5.40846e-05
63        0.00084676       0.000417026
64        9.81935e-05       1.8518e-05
65        2.8063e-05       5.529e-06
66        6.44883e-05       1.0949e-05
67        0.000265599       3.4647e-05
68        0.00280885       0.000308775
69        0.000145458       4.70497e-05
70        4.93735e-05       2.63532e-05
71        0.000124061       0.000109674
72        0.000383659       2.18692e-05
73        0.000698201       0.00030218
74        0.000268       7.81508e-05
75        8.62779e-06       2.9324e-06
76        0.00015069       6.04607e-05
77        4.05245e-05       6.41732e-06
78        0.000506589       0.000360419
79        0.00018384       2.09383e-05
80        0.00555925       0.000144395
81        0.000268565       0.000137851
82        0.000128899       9.76295e-05
83        2.53722e-05       2.14405e-05
84        9.81749e-06       3.73918e-06
85        4.67798e-05       5.58795e-06
86        2.56979e-05       3.41112e-05
87        0.000106874       8.3905e-05
88        0.000201791       4.80618e-05
89        8.49578e-05       6.22078e-05
90        0.000145754       3.32226e-05
91        0.000362042       9.43018e-06
92        0.000236197       1.14187e-05
93        0.00287431       0.000153043
94        0.000607199       1.83895e-05
95        0.000636733       6.28836e-05
96        0.00330371       3.29083e-05
97        0.00596743       0.000611972
98        0.00839932       0.00204336
99        0.00566597       0.000676247
100        0.000360901       1.31721e-05
101        0.0054803       0.00164617
102        0.000516097       2.85969e-05
103        0.000357355       2.34526e-05
104        0.000383375       6.06373e-05
105        0.00331839       0.000117455
106        0.00535455       0.000585435
107        0.00612917       0.00108209
108        0.000406429       0.000198729
109        0.000153405       1.04329e-05
110        0.00533071       0.00145912
111        0.000548923       2.72301e-05
112        0.00562271       0.0006925
113        0.000523556       3.27765e-05
114        0.000309466       1.21723e-05
115        0.000698871       0.0002369
116        0.000351734       1.51237e-05
117        0.000284617       3.83004e-05
118        0.00763139       0.00118194
119        0.000572499       4.84972e-05
120        0.000664499       9.2761e-05
121        0.000803441       8.5163e-05
122        0.000320439       3.19351e-05
123        0.000666546       9.30046e-05
124        6.82208e-05       0.000105044
125        0.000183483       1.04995e-05
126        0.000633771       0.000959371
127        0.000393535       0.000228806
128        0.000284213       1.79458e-05
129        0.000318266       0.000187106
130        0.000243889       2.82429e-05
131        0.00037268       1.26174e-05
132        0.000359618       1.83039e-05
133        0.00019317       0.000156124
134        0.000348221       1.74844e-05
135        0.000338035       1.25594e-05
136        0.000185323       6.70519e-06
137        0.00034815       2.12294e-05
138        0.000346799       1.26683e-05
139        3.60844e-05       2.54285e-05
140        0.000297322       2.07071e-05
141        0.000725154       9.33804e-05
142        0.000342103       2.20733e-05
143        0.00142232       0.000292424
144        0.000364693       3.18699e-05
145        0.000245665       1.98409e-05
146        0.000322092       6.03637e-06
147        0.000272195       0.000399352
148        0.00100177       0.00132464
149        2.84297e-05       3.52639e-05
150        0.000352799       1.5357e-05
151        0.00012292       7.2514e-06
152        8.63101e-05       1.096e-05
153        0.000164739       2.58816e-06
154        0.00016531       5.50059e-06
155        9.65431e-05       2.55909e-06
156        8.58536e-05       1.41217e-06
157        9.80014e-05       1.55483e-06
158        0.000163911       3.13657e-06
159        0.000135984       1.00636e-05
160        9.97746e-05       9.5704e-07
161        0.000135854       1.53243e-05
162        9.8665e-05       2.5922e-06
163        0.00013543       8.56347e-06
164        3.47366e-05       4.76256e-06
165        0.000162185       5.33665e-06
166        8.75413e-05       1.90242e-05
167        9.8739e-05       2.3025e-06
168        8.58279e-05       2.15834e-06
169        0.000165115       3.08928e-06
170        9.77758e-05       2.76696e-06
171        9.13153e-05       6.1266e-06
172        8.53344e-05       1.58949e-05
173        0.000164374       3.87377e-06
174        8.38622e-05       1.70486e-06
175        0.0001296       7.815e-06
176        4.00902e-05       8.58874e-06
177        9.05395e-05       7.04015e-06
178        8.62135e-05       1.82937e-06
179        0.00013403       1.006e-05
180        0.000162096       3.35892e-06
181        8.75917e-05       4.13466e-06
182        0.000183338       7.14629e-06
183        5.98676e-05       1.94569e-06
184        0.000106455       3.25944e-06
185        0.000168552       3.7722e-06
186        0.000128454       2.11032e-06
187        0.000156794       6.33596e-06
188        6.54398e-05       3.12188e-06
189        0.00018337       5.86238e-06
190        0.000179232       5.98766e-06
191        5.96902e-05       3.30295e-06
192        6.8289e-05       3.25605e-06
193        0.000216543       1.45432e-05
194        7.70036e-05       6.20543e-06
195        7.05124e-05       4.53129e-06
196        7.46816e-05       1.89741e-06
197        0.000157911       1.19934e-05
198        0.000105999       1.75028e-06
199        0.000105067       5.13316e-06
200        7.06193e-05       4.40882e-06
201        0.00021077       8.02039e-06
202        7.14764e-05       6.42582e-06
203        7.62822e-05       1.17983e-06
204        0.000213074       1.10278e-05
205        0.000101711       2.08513e-06
206        0.000212394       1.13005e-05
207        8.7088e-05       1.61703e-06
208        0.000166889       5.98594e-06
209        0.000214935       4.78085e-06
210        6.72584e-05       2.4343e-06
211        0.000238685       2.0062e-05
212        0.000118202       9.08223e-06
213        0.000469034       2.76204e-05
214        0.000331082       2.74832e-05
215        0.000263803       1.81521e-05
216        0.000126561       3.07391e-05
217        0.000115125       1.74157e-05
218        0.000117667       9.06264e-06
219        0.000326237       7.21216e-06
220        0.000119328       1.58665e-05
221        0.000375901       3.19037e-05
222        0.000257115       2.21041e-05
223        0.000359405       1.82079e-05
224        0.000356872       2.48481e-05
225        0.000234994       1.75711e-06
226        0.000115639       1.16899e-05
227        0.000378062       3.0727e-05
228        0.000126843       1.59202e-05
229        0.000358656       2.28959e-05
230        0.00036683       1.8334e-05
231        0.000263836       1.22347e-05
232        0.000364713       7.94065e-06
233        0.00040117       6.31478e-06
234        0.00034092       3.3121e-05
235        0.00011301       5.63831e-06
236        0.000245562       2.20691e-05
237        0.00036159       5.58094e-06
238        0.000367001       2.5701e-05
239        0.000255495       1.60935e-05
240        0.000352446       1.18907e-05
241        0.000272035       5.98944e-05
242        0.000701636       9.83428e-05
243        0.000235496       2.52422e-05
244        0.000207938       2.141e-05
245        0.00151458       0.000211051
246        0.00143416       4.32492e-05
247        0.00111435       1.26249e-05
248        0.000374761       2.51263e-05
249        0.00113865       2.98248e-05
250        0.00105443       4.4728e-05
251        0.000401509       5.25441e-05
252        0.00103596       3.58185e-05
253        0.000319742       0.000161747
254        0.000402323       8.35578e-05
255        0.00114673       1.72399e-05
256        0.00114116       2.791e-05
257        0.000406264       3.82788e-05
258        0.000458369       0.000119364
259        0.000247257       2.44753e-05
260        0.00169322       0.000164141
261        0.000472063       4.49694e-05
262        0.00108161       8.35154e-05
263        0.000443268       6.82988e-05
264        0.000247449       7.51586e-05
265        0.00113712       3.19782e-05
266        0.000960405       8.07804e-05
267        0.00113203       1.19055e-05
268        0.00104292       3.40436e-05
269        0.00113362       2.4656e-05
270        0.00023992       3.13067e-05
271        0.000291106       1.93175e-05
272        0.000287962       8.74092e-06
273        0.000300189       2.42611e-05
274        0.00959703       0.000103853
275        0.000296399       1.26667e-05
276        0.000312177       1.65601e-05
277        0.00232597       0.000615789
278        0.00831668       0.000110776
279        0.000356075       5.32501e-05
280        0.000301111       3.10273e-05
281        0.00236128       0.000510881
282        0.000161769       1.13936e-05
283        0.000164056       2.8235e-05
284        0.00966585       5.96933e-05
285        0.00261393       0.00073952
286        0.000453545       4.26908e-05
287        0.0082588       0.000138129
288        0.00226375       0.0004359
289        0.0096389       0.000170609
290        0.00967326       0.000128414
291        0.00022345       4.85084e-05
292        0.00225997       0.000251363
293        0.00972279       9.18769e-05
294        0.000289151       9.77e-06
295        0.00823332       4.84202e-05
296        0.0035367       0.0017806
297        0.00276853       0.00118456
298        0.00034247       5.70994e-05
299        0.000205659       5.11317e-05
300        0.000290128       1.83078e-05
301        0.000235423       0.000273938
302        0.000131512       4.11938e-05
303        0.000193625       7.08604e-05
304        0.000154434       0.000165306
305        0.000107736       4.3656e-05
306        0.000162731       5.94737e-05
307        0.000252559       0.000242186
308        0.000671198       0.00044675
309        0.000470905       0.000247627
310        0.000279069       0.000411678
311        0.000269851       0.000117134
312        0.000131717       0.000123503
313        0.000330074       0.000163853
314        0.000267453       0.000185273
315        7.5812e-05       5.66872e-05
316        0.000530049       0.0002634
317        9.84416e-05       2.87358e-05
318        0.000188155       0.00022799
319        0.000328835       9.25448e-05
320        0.000237561       0.000125715
321        0.00020585       0.00016561
322        0.00061036       0.000451065
323        0.00010771       2.13438e-05
324        0.0001775       0.000105808
325        0.000243656       0.000173895
326        0.000175601       6.60584e-05
327        0.000211515       0.000149208
328        0.000229075       0.000483711
329        0.000285491       0.000133579
330        0.000127714       0.000231843
331        9.00809e-05       3.46153e-05
332        0.000148152       0.000157167
333        0.000367347       0.000169698
334        0.000321174       0.000129547
335        0.000143886       0.000130794
336        0.000161795       4.02715e-05
337        9.95314e-05       6.41534e-05
338        7.59415e-05       5.39423e-05
339        0.000104351       2.7865e-05
340        0.000267871       0.000204996
341        0.00123991       0.000790365
342        0.00357704       0.00654602
343        0.000638319       0.00088087
344        0.00134485       0.00147615
345        0.00427893       0.00203765
346        0.00245101       0.00519032
347        0.00242696       0.00192221
348        0.00716391       0.010042
349        0.0165033       0.00945889
350        0.00221681       0.00150558
351        0.000425711       0.00061007
352        0.00501959       0.00224226
353        0.0032813       0.00359281
354        0.00308666       0.00294541
355        0.000556385       0.000130707
356        0.0027943       0.00245492
357        0.0049493       0.00347235
358        0.00455284       0.00443151
359        0.00134376       0.00249967
360        0.00054115       0.000143829
361        0.00401331       0.00208282
362        0.00422521       0.00269104
363        0.00944773       0.017382
364        0.00590279       0.00347722
365        0.0182128       0.0282342
366        0.00253206       0.00172316
367        0.00291022       0.00157315
368        0.0109744       0.00598526
369        0.000382345       0.000237182
370        0.0197206       0.0389493
371        0.000596244       0.00026285
372        0.00034264       0.000332812
373        0.00181651       0.00159371
374        0.00411411       0.00339502
375        0.000403607       0.000147909
376        0.00498147       0.00293118
377        0.00342774       0.00388388
378        0.00807762       0.016827
379        0.00115021       0.00102171
380        0.00157652       0.00102306
381        0.000111658       3.79549e-06
382        0.000139245       1.27972e-05
383        0.000126339       5.86192e-06
384        0.00012847       1.11038e-05
385        0.000138878       7.7771e-06
386        0.00011238       4.59592e-06
387        0.000163598       7.31002e-06
388        0.000212541       1.3387e-05
389        0.000113512       2.91777e-06
390        0.000146966       8.67013e-06
391        0.000129799       3.93442e-06
392        8.15009e-05       1.40457e-06
393        0.000130411       5.05178e-06
394        0.000210878       1.02475e-05
395        0.000112952       3.6576e-06
396        0.000100871       1.83846e-06
397        7.74114e-05       9.94485e-06
398        0.000150521       6.16542e-06
399        0.000103871       1.44318e-05
400        0.000114498       5.64782e-06
401        0.000123718       4.68493e-06
402        6.05673e-05       1.83305e-06
403        0.000100578       1.65588e-06
404        0.000163395       6.88459e-06
405        7.37586e-05       3.10959e-06
406        8.71514e-05       1.0198e-06
407        0.000161251       3.18288e-06
408        0.000155524       3.67785e-06
409        0.000195669       1.56306e-05
410        0.000127694       2.9832e-06
411        0.000166505       7.8842e-06
412        0.000125723       4.04874e-06
413        0.000164984       4.6116e-06
414        0.000118691       5.39787e-06
415        0.000130861       2.1515e-06
416        0.000101661       1.11687e-06
417        6.68087e-05       7.03879e-07
418        7.48978e-05       2.92432e-06
419        9.09008e-05       8.3408e-06
420        8.19074e-05       2.81429e-06
421        0.000227273       5.47484e-06
422        0.000214802       1.1276e-05
423        0.000260103       1.93715e-05
424        0.000266235       7.72319e-06
425        0.000103695       3.07582e-06
426        0.000233505       1.08443e-05
427        0.00032745       1.60943e-05
428        0.000400878       2.64591e-05
429        0.000141246       5.95432e-06
430        0.000207557       4.91562e-06
431        0.000255567       1.02521e-05
432        0.00022709       1.08021e-05
433        0.000203959       6.90655e-06
434        0.000205961       8.59623e-06
435        0.000245171       1.18842e-05
436        0.000257184       1.39285e-05
437        0.00030206       6.14046e-06
438        0.000206284       5.05305e-06
439        0.000252705       1.25035e-05
440        0.00019385       6.78755e-06
441        0.000270272       5.99705e-06
442        0.000259033       1.10168e-05
443        0.000181226       1.58281e-05
444        0.000249727       1.09462e-05
445        0.000207933       4.01533e-06
446        0.000220862       9.35896e-06
447        0.000217531       9.10642e-06
448        0.00017711       1.3583e-05
449        0.000204986       1.49799e-05
450        0.00024961       8.1639e-06
451        0.000265603       1.07977e-05
452        0.000238964       6.59324e-06
453        0.000216342       8.15425e-06
454        0.000126648       1.70628e-05
455        0.000208507       7.40531e-06
456        0.00022341       8.74627e-06
457        0.000206235       1.22872e-05
458        0.000308889       1.09651e-05
459        0.000276421       1.77728e-05
460        0.000255505       1.20917e-05
461        0.000451131       2.45865e-05
462        0.000359764       2.25118e-05
463        0.000491073       3.00873e-05
464        0.000666591       1.82822e-05
465        0.000354164       2.19082e-05
466        0.000410933       1.9899e-05
467        0.000384572       2.22888e-05
468        0.000408814       2.3334e-05
469        0.000327329       1.67629e-05
470        0.00100339       7.04295e-05
471        0.000436222       9.16156e-06
472        0.000246944       9.89029e-06
473        0.000389613       3.42279e-05
474        0.000455321       5.70409e-05
475        0.000318999       1.09285e-05
476        0.000332656       2.41157e-05
477        0.000685086       4.13891e-05
478        0.000345582       4.47334e-05
479        0.000547786       3.00934e-05
480        0.000228172       1.60881e-05
481        0.000320691       1.37628e-05
482        0.000286291       1.94804e-05
483        0.000440528       1.4627e-05
484        0.000440227       8.27548e-05
485        0.000337502       3.47124e-05
486        0.000438269       1.88978e-05
487        0.000196885       8.40969e-06
488        0.000436432       1.0891e-05
489        0.000454806       3.14683e-05
490        0.000432998       2.19012e-05
491        0.000417989       1.5418e-05
492        0.000397079       2.28499e-05
493        0.000275243       3.35318e-05
494        0.000748576       2.81299e-05
495        0.000610864       0.000107854
496        0.00036726       6.07183e-05
497        0.00032203       9.4994e-06
498        0.000366341       3.92767e-05
499        0.000254427       5.54087e-05
500        0.000249432       4.714e-06
501        0.000753884       2.40451e-05
502        0.00155627       9.1104e-05
503        0.000824357       6.17066e-05
504        0.00074145       8.31039e-05
505        0.000557466       4.85814e-05
506        0.000641862       3.33314e-05
507        0.000869564       6.82155e-05
508        0.000631285       8.10137e-05
509        0.000687529       1.66439e-05
510        0.000579527       5.1157e-05
511        0.000511054       3.02031e-05
512        0.000329945       1.94568e-05
513        0.000399424       3.82142e-05
514        0.000821633       0.000103901
515        0.001002       5.83166e-05
516        0.000808853       7.598e-05
517        0.000784651       0.000176361
518        0.000656014       3.14312e-05
519        0.000418595       3.15614e-05
520        0.000615987       5.83493e-05
521        0.000439513       1.93034e-05
522        0.000846646       5.24843e-05
523        0.000741408       3.85069e-05
524        0.00104189       0.000162676
525        0.00107366       4.58954e-05
526        0.000576742       6.49261e-05
527        0.000396622       3.9852e-05
528        0.000978797       3.14364e-05
529        0.000672846       1.94665e-05
530        0.00134775       0.000188879
531        0.000656422       5.58609e-05
532        0.000474177       2.44936e-05
533        0.00100888       8.83857e-05
534        0.0010005       0.000164592
535        0.000766634       4.96433e-05
536        0.00114274       8.50045e-05
537        0.000395728       3.53262e-05
538        0.00106845       6.20389e-05
539        0.000933303       4.28971e-05
540        0.000811454       2.32554e-05
541        2.36505e-05       4.42046e-06
542        3.52972e-05       1.38417e-05
543        1.08402e-05       4.02072e-06
544        3.5835e-05       1.68891e-05
545        6.05593e-05       9.66647e-05
546        1.85548e-05       4.66681e-06
547        2.26298e-05       4.39266e-06
548        1.6909e-05       3.91716e-06
549        7.27795e-05       1.89565e-05
550        5.92648e-05       4.71171e-05
551        1.58206e-05       6.71566e-06
552        3.32e-05       2.24558e-05
553        5.39813e-05       1.44621e-05
554        9.48962e-05       1.6017e-05
555        3.95678e-05       2.85446e-05
556        3.67703e-05       2.46685e-05
557        3.60612e-05       9.34692e-06
558        0.000100568       2.44873e-05
559        3.07313e-05       1.44026e-05
560        1.49795e-05       3.49845e-06
561        1.52531e-05       1.57041e-05
562        0.00016592       6.71229e-05
563        0.000125894       3.11621e-05
564        2.68211e-05       2.48611e-05
565        9.00487e-06       2.41962e-06
566        7.74849e-06       1.22747e-06
567        2.93035e-05       9.15945e-06
568        0.000170819       2.08521e-05
569        6.91546e-06       2.15419e-06
570        1.66943e-05       9.31316e-06
571        2.11807e-05       1.47954e-05
572        1.93748e-05       3.40016e-06
573        4.50846e-05       2.41587e-05
574        3.54571e-05       3.77595e-06
575        2.0622e-05       1.27659e-05
576        2.572e-05       2.43032e-05
577        0.000151768       8.8261e-05
578        3.28333e-05       3.3447e-05
579        8.77185e-05       4.59177e-05
580        1.5623e-05       2.92359e-06
581        1.2693e-05       1.33088e-07
582        7.39607e-05       1.3762e-05
583        4.97404e-05       5.08269e-06
584        5.00155e-05       2.70215e-06
585        5.13696e-05       4.13165e-06
586        4.41759e-05       2.34547e-06
587        5.00221e-05       1.6524e-06
588        7.86424e-05       1.40112e-05
589        7.7112e-05       1.1836e-05
590        7.94447e-05       1.9444e-05
591        5.26374e-05       1.77345e-06
592        4.27352e-05       1.40582e-06
593        4.3795e-05       2.03381e-06
594        7.17725e-05       2.78054e-06
595        4.45372e-05       2.65177e-06
596        4.30633e-05       2.00284e-06
597        7.41711e-05       1.34382e-05
598        4.8449e-05       2.5104e-06
599        4.34135e-05       2.01705e-06
600        4.87688e-05       2.79776e-06
601        5.05534e-05       3.39571e-06
602        0.00094196       0.000517423
603        0.000390068       0.000291491
604        7.66689e-05       5.63865e-05
605        0.000322215       0.000372484
606        0.00013177       0.000140382
607        6.62602e-05       2.10014e-05
608        0.000630638       0.000606292
609        0.000172513       6.98801e-05
610        0.000808698       0.000207005
611        0.000270188       9.48984e-05
612        0.000910063       0.000505217
613        0.000376272       0.00014197
614        0.000658708       0.000522329
615        0.000271268       7.21499e-05
616        0.000167086       9.04099e-05
617        0.000438961       0.000425321
618        0.000147362       8.53735e-05
619        0.000195304       9.17638e-05
620        0.00147106       0.00081851
621        0.000298424       9.41468e-05
622        0.000657666       9.53956e-05
623        0.00410614       0.00236838
624        0.000302994       0.000229163
625        0.000621294       0.000337792
626        0.00189872       0.00128719
627        0.00294714       0.00671964
628        0.00251583       0.00496291
629        0.000801222       0.000319915
630        0.000674637       0.000223099
631        0.000614845       0.000708963
632        0.000280141       0.000164283
633        0.001424       0.000658272
634        0.000228911       0.000113406
635        0.000912688       0.000412253
636        0.00238722       0.00252201
637        0.000510688       0.000107222
638        0.00910038       0.00374047
639        0.000290426       8.23566e-05
640        0.000279582       7.78783e-05
641        0.000729821       0.000377087
642        9.1698e-05       1.92521e-06
643        0.000112937       2.08841e-06
644        0.000123242       5.14577e-06
645        0.000162285       5.37748e-06
646        6.51425e-05       1.22712e-06
647        6.82267e-05       1.40162e-06
648        0.000167392       9.20961e-06
649        0.000122348       6.79893e-06
650        0.000168479       2.71727e-06
651        0.000152944       1.6584e-05
652        9.46715e-05       1.09451e-05
653        0.000123897       4.69481e-06
654        0.000109578       3.367e-06
655        8.62309e-05       1.83079e-06
656        0.000112472       4.55709e-06
657        4.00451e-05       1.63327e-05
658        0.000142251       1.86195e-05
659        0.000116127       1.05332e-05
660        4.25816e-05       9.09301e-06
661        0.000110203       4.77106e-06
662        0.000246557       2.6401e-05
663        0.000182868       1.23244e-05
664        0.000148866       3.88398e-06
665        0.000199401       5.83284e-06
666        0.000256311       1.30132e-05
667        0.000192917       1.05967e-05
668        0.000183821       5.53093e-05
669        0.000197768       1.02477e-05
670        0.000176327       1.44518e-05
671        0.000191139       2.83285e-06
672        0.000121628       5.84963e-06
673        0.000162319       4.85231e-06
674        0.000149244       1.28014e-05
675        0.000245496       2.49044e-06
676        0.000186128       5.99374e-06
677        0.000163531       7.9983e-06
678        0.00015972       8.96383e-06
679        0.000214362       5.91293e-06
680        0.000199917       7.64024e-06
681        0.000138962       7.85052e-06
682        0.000573923       3.75361e-05
683        0.000319159       3.88275e-05
684        0.000337942       1.50079e-05
685        0.000965045       5.11835e-05
686        0.000464676       2.23428e-05
687        0.000316923       9.7374e-06
688        0.000434147       4.4332e-05
689        0.000445946       2.51108e-05
690        0.000510834       3.1429e-05
691        0.000564615       3.26422e-05
692        0.000184609       2.61055e-05
693        0.000441697       1.20057e-05
694        0.000501987       1.91021e-05
695        0.000408465       2.44922e-05
696        0.000381733       3.4866e-05
697        0.000193498       1.73596e-05
698        0.000375286       1.23514e-05
699        0.000195137       2.43479e-05
700        0.000278479       8.91381e-06
701        0.000464407       1.97688e-05
702        0.000795922       4.51847e-05
703        0.000534763       3.9726e-05
704        0.000590282       2.75389e-05
705        0.000807731       0.000140273
706        0.000405023       4.36191e-05
707        0.000653875       5.77195e-05
708        0.000895241       1.11462e-05
709        0.000485559       4.02632e-05
710        0.00051762       6.32839e-05
711        0.000419613       3.61124e-05
712        0.000684081       2.1386e-05
713        0.000722817       1.26483e-05
714        0.00132804       0.000102383
715        0.000690032       1.55659e-05
716        0.000447404       4.29011e-05
717        0.00087766       6.7616e-05
718        0.000548995       5.17964e-05
719        0.000920417       3.46855e-05
720        0.000584339       1.74992e-05
721        0.000703144       6.23879e-05
722        0.00115061       2.67002e-05
723        0.000900612       9.6516e-05
724        0.000436384       2.8375e-05
725        0.000732726       9.218e-05
726        0.000747464       0.000138233
727        0.000533352       0.000129055
728        0.00195615       0.000119333
729        0.00125638       6.54807e-05
730        0.000320508       0.000159304
731        0.00133152       4.34118e-05
732        0.000764519       0.000100902
733        0.00158901       2.39615e-05
734        0.00118752       8.92523e-05
735        0.000909127       0.000239942
736        0.000738342       0.000695237
737        0.0011399       3.71862e-05
738        0.000600048       2.1549e-05
739        0.00107631       0.00012592
740        0.001699       0.000220734
741        0.000772807       4.15886e-05
742        0.00078437       0.000126181
743        2.61936e-05       6.08187e-06
744        1.13961e-05       1.11457e-06
745        5.13556e-05       7.16625e-06
746        6.10225e-05       2.16265e-05
747        0.00124801       0.000414122
748        4.67194e-05       2.69394e-05
749        0.00013315       5.28841e-05
750        5.91081e-05       1.08537e-05
751        2.97347e-05       1.12125e-05
752        0.000703064       0.000271628
753        2.80203e-05       1.21056e-05
754        8.57996e-06       3.43777e-06
755        7.57548e-05       3.92831e-05
756        4.13453e-05       2.26286e-05
757        7.7832e-05       4.55642e-05
758        3.88759e-05       2.5107e-05
759        3.02664e-05       2.77416e-05
760        3.5174e-05       8.32368e-06
761        1.4235e-05       1.91058e-06
