#str         Henry coeff (mol/kg/Pa)          error (mol/kg/Pa)   
0        0.00409401       0.000389537
1        0.00231205       0.000705564
2        0.00690273       0.000538182
3        0.00263909       0.000370781
4        0.00215522       0.000247062
5        0.00632784       0.00249334
6        0.0149323       0.00578356
7        0.0121412       0.00569492
8        0.0316814       0.00858585
9        0.00258133       0.000800666
10        0.0107995       0.00513205
11        0.00226003       0.000169234
12        0.00135651       8.61969e-05
13        0.00161139       9.76585e-05
14        0.0199132       0.00559303
15        0.00223049       0.000277345
16        0.00266539       0.000348722
17        0.0229256       0.00529775
18        0.00349217       0.000702053
19        0.00389719       0.00101322
20        0.00121081       0.000125066
21        0.00260495       0.000122513
22        0.0220289       0.00418762
23        0.0158848       0.00425198
24        0.00431521       0.000464667
25        0.00593617       0.00306034
26        0.00100003       0.00017166
27        0.00199276       0.000644775
28        0.0020239       8.79271e-05
29        0.00336884       0.000309266
30        0.0141607       0.00834537
31        0.00307127       0.000101951
32        0.0070088       0.000395256
33        0.00308207       0.000212365
34        0.00838272       0.00043981
35        0.00361494       0.000712709
36        0.00237683       0.000321166
37        0.00144275       0.000126269
38        0.00574483       0.00121393
39        0.00568339       0.00142149
40        0.00316838       0.000901879
41        0.00400481       0.000209876
42        0.00182935       0.000509467
43        0.0335974       0.0209466
44        0.00378814       0.000219503
45        0.0127287       0.00338229
46        0.00152998       0.0001333
47        0.00137028       0.000162009
48        0.00195119       6.09794e-05
49        0.00392223       0.000567378
50        0.0037033       0.000561006
51        0.00378963       0.000331921
52        0.00461486       0.000672857
53        0.00432623       9.74e-05
54        0.00531673       0.00211836
55        0.0440898       0.00517179
56        0.00159663       0.000188252
57        0.0139814       0.00299108
58        0.00232707       0.000229535
59        0.00141692       3.67444e-05
60        0.00561669       0.00234431
61        0.00255867       0.000353315
62        0.00336264       0.000140135
63        0.00185942       9.49225e-05
64        0.023917       0.00249604
65        0.00348461       0.000101946
66        0.0239201       0.00277336
67        0.00845229       0.0015461
68        0.00161427       0.000292471
69        0.00228395       0.000166079
70        0.00258257       9.43757e-05
71        0.00765687       0.00126386
72        0.00363412       0.000444829
73        0.000691985       0.000181129
74        0.00521549       0.000365098
75        0.00421504       0.0017037
76        0.00438108       0.00030272
77        0.00236479       0.000735117
78        0.00296551       0.000780512
79        0.00734837       0.00228307
80        0.0522888       0.0113687
81        0.00247783       0.000534113
82        0.00496948       0.000797159
83        0.00443766       0.0005746
84        0.00219517       0.000359571
85        0.00268107       0.000221481
86        0.00277069       0.00018848
87        0.0211334       0.00113732
88        0.00573492       0.000435636
89        0.00118418       4.34612e-05
90        0.00533616       0.000732405
91        0.0023752       0.000326939
92        0.00279389       0.000196618
93        0.010708       0.0033135
94        0.0314705       0.00508593
95        0.00157604       0.000181632
96        0.00604528       0.000810645
97        0.00245925       0.00049422
98        0.0112084       0.00113291
99        0.00271161       0.000301624
100        0.00267429       0.000186823
101        0.00166101       0.000146764
102        0.00521412       0.000787419
103        0.011114       0.00237998
104        0.00225306       0.000117821
105        0.0014665       0.000221188
106        0.0144539       0.00353558
107        0.00245071       0.000100221
108        0.00249045       0.000255749
109        0.0029586       0.000230508
110        0.00317541       0.000192164
111        0.00787       0.00145326
112        0.00246671       0.00032596
113        0.0177962       0.00186677
114        0.00378323       0.00049864
115        0.00247959       0.000215508
116        0.00222564       8.83083e-05
117        0.00361005       0.000334992
118        0.00627596       0.000591844
119        0.00356989       0.000313486
120        0.00230171       0.000229077
121        0.00180874       0.000402475
122        0.00135139       0.000138405
123        0.00552502       0.00114765
124        0.00291405       0.000517311
125        0.00196818       4.97846e-05
126        0.00229896       0.000390418
127        0.00446257       0.000255067
128        0.00558301       0.000355887
129        0.00330687       0.000653177
130        0.00330806       0.000390618
131        0.00151434       0.000333588
132        0.00289701       0.000335693
133        0.00574788       0.0016857
134        0.00706532       0.00552717
135        0.00262857       0.00055354
136        0.00293199       0.00037526
137        0.00267366       0.000222076
138        0.00983604       0.00118767
139        0.00313072       0.000254805
140        0.00700831       0.000646251
141        0.00574889       0.000716067
142        0.001485       0.000184348
143        0.00242201       9.58694e-05
144        0.0152438       0.0012528
145        0.0028613       0.000265942
146        0.00656196       0.00183527
147        0.00460554       0.00036909
148        0.00507576       0.0020379
149        0.00677784       0.000415842
150        0.00709545       0.00162707
151        0.00408385       0.0013966
152        0.00710704       0.0011095
153        0.0152591       0.00167404
154        0.0140192       0.00236574
155        0.00634824       0.000136064
156        0.0059991       0.00112733
157        0.00172372       0.000166017
158        0.00282059       0.000771721
159        0.0371756       0.0154199
160        0.00722347       0.000896226
161        0.00571536       0.000827045
162        0.00514415       0.000325007
163        0.00630762       0.000532928
164        0.0518898       0.0240131
165        0.0169757       0.00260276
166        0.00236024       0.000500647
167        0.00675667       0.00308447
168        0.00413649       0.000800255
169        0.0014209       9.85615e-05
170        0.00825887       0.00193706
171        0.0304393       0.0112563
172        0.0301319       0.00896743
173        0.205025       0.0201157
174        0.00401983       5.98563e-05
175        0.00317691       0.00144046
176        0.00326153       0.000592101
177        0.00896585       0.00131132
178        0.0171569       0.00230184
179        0.00330427       0.000564287
180        0.00331209       0.000256309
181        0.0101961       0.00112032
182        0.00398764       0.000178123
183        0.00468701       0.00323101
184        0.0143704       0.00401444
185        0.0289595       0.00955829
186        0.00655032       0.00204877
187        0.00439211       0.00316355
188        0.00217098       0.000242333
189        0.0180656       0.00251509
190        0.00923378       0.00227849
191        0.00338873       0.000376296
192        0.00307853       0.000330255
193        0.00325781       0.000489822
194        0.00390065       0.000468855
195        0.00157674       0.000120215
196        0.00689701       0.00565555
197        0.0244561       0.00116443
198        0.0531426       0.00402113
199        0.00182335       0.000300114
200        0.0024115       0.000295752
201        0.00478482       0.00026426
202        0.00293344       0.000507513
203        0.00644917       0.000574135
204        0.0023445       0.00034852
205        0.0022085       0.000269338
206        0.00579898       0.00176867
207        0.00388598       0.000717095
208        0.135695       0.044042
209        0.00735034       0.000673474
210        0.0171483       0.00435412
211        0.00534926       0.000386528
212        0.015609       0.00366129
213        0.0064092       0.000351728
214        0.00247651       0.000179181
215        0.00409372       0.000668656
216        0.00311062       0.000427814
217        0.00852364       0.000602728
218        0.00189272       0.000370809
219        0.492171       0.143758
220        0.00202765       0.000261351
221        0.00617893       0.000652761
222        0.00389632       0.000251317
223        0.00245193       0.000231121
224        0.00229628       0.000284699
225        0.00765755       0.000778433
226        0.0026708       0.000485817
227        0.00836061       0.000828163
228        0.00379872       0.000427359
229        0.00696226       0.000508339
230        0.0178409       0.00198198
231        0.0177292       0.00299817
232        0.0944964       0.026445
233        0.00970667       0.00295647
234        0.00448262       0.00097443
235        0.0114602       0.00182664
236        0.0278804       0.00247129
237        0.00452862       0.00197448
238        0.0371942       0.0045009
239        0.0390123       0.00340362
240        0.00610095       0.000735869
241        0.00757261       0.00251546
242        0.00730609       0.00060328
243        0.00556238       0.000432066
244        0.0222674       0.0044605
245        0.00668975       0.000560923
246        0.00474203       0.000307662
247        0.0029612       0.000945182
248        0.0113215       0.00103528
249        0.0117567       0.00515548
250        0.00934479       0.000622527
251        0.00696403       0.00205632
252        0.00553475       0.00106268
253        0.00881002       0.00180916
254        0.00266382       0.000307788
255        0.048389       0.0144376
256        0.0818787       0.023441
257        0.00897756       0.00204285
258        0.00840495       0.00260063
259        0.0162178       0.00321955
260        0.0693249       0.00837982
261        0.0196871       0.00234248
262        0.015491       0.00251333
263        0.0472241       0.00909165
264        0.00446949       0.000542787
265        0.250523       0.0581729
266        0.00108824       0.000522305
267        0.00195434       0.0013119
268        0.000323393       2.74713e-05
269        0.000649309       3.31806e-05
270        0.00154744       0.000526983
271        0.282553       0.0734019
272        0.000819593       2.67443e-05
273        0.00667134       0.000345658
274        0.00560124       0.00366207
275        0.00163214       0.000161937
276        0.00414362       0.000280311
277        0.00272649       0.00168902
278        0.00653162       0.0038903
279        0.0016329       0.000180641
280        0.00362707       0.000235506
281        0.00178539       0.000255613
282        0.00149925       0.000142776
283        0.00264189       0.0034119
284        0.00144254       0.000561065
285        0.284778       0.0571211
286        0.00742246       0.000440244
287        0.00509743       0.000395203
288        0.0232412       0.0230275
289        0.0104348       0.000497258
290        0.00599615       0.00726687
291        0.00380387       0.000930466
292        0.00486053       0.00138233
293        0.00270738       0.00159636
294        0.000829353       2.68141e-05
295        0.00612313       0.000230439
296        0.000649111       8.66967e-05
297        0.00575809       0.000601805
298        0.00105008       0.000227785
299        0.000394965       6.85941e-05
300        0.249447       0.0713411
301        0.281985       0.104273
302        0.012591       0.00581787
303        0.00665947       0.00618237
304        0.196872       0.0448625
305        0.197166       0.0949049
306        0.00125165       0.00024729
307        0.00121351       0.000586171
308        0.0020882       0.0017125
309        0.0104805       0.000379631
310        0.00387623       0.000551724
311        0.00156863       0.000644657
312        0.0120891       0.00336869
313        0.00163645       0.000164157
314        0.00179457       0.000725859
315        0.000603747       4.02821e-05
316        0.268562       0.0590376
317        0.214141       0.0256906
318        0.00662384       0.00195267
319        0.000414309       0.000124186
320        0.000394015       0.000134157
321        0.233655       0.0657714
322        0.00670896       0.000141676
323        0.000807499       2.5189e-05
324        0.0013787       0.000237836
325        0.000626149       4.47949e-05
326        0.00182369       0.000455478
327        0.00169917       0.000344111
328        0.00448365       5.90835e-05
329        0.00642214       0.000289997
330        0.00133562       0.000463401
331        0.229406       0.0497745
332        0.00161117       0.000211855
333        0.000614038       5.75584e-05
334        0.00209193       0.00146027
335        0.00863499       0.00182469
336        0.221764       0.0808973
337        0.00906653       0.00115791
338        0.00234638       0.000768383
339        0.0102389       0.0011287
340        0.0014713       0.000706371
341        0.0014552       0.000163155
342        0.000830752       3.82585e-05
343        0.0128916       0.00273431
344        0.00164694       0.00116921
345        0.0153586       0.00599503
346        0.00155736       0.000434489
347        0.00446074       0.00103247
348        0.0122055       0.00441261
349        0.00442463       0.00271287
350        0.00473356       0.00143832
351        0.00913031       0.00792737
352        0.00167203       0.000349617
353        0.522074       0.266814
354        0.00564549       0.00204921
355        0.00559287       0.00119935
356        0.293141       0.12082
357        0.00351646       0.0015469
358        0.0130176       0.00100163
359        0.00339866       0.00160804
360        0.00438355       0.00133511
361        0.028772       0.053765
362        0.0219551       0.0100414
363        0.000699031       9.55993e-05
364        0.000673554       7.9225e-05
365        0.252922       0.0417728
366        0.409974       0.28246
367        0.000927195       4.28862e-05
368        0.00176868       0.000400835
369        0.000949379       5.21642e-05
370        0.00214703       0.00214162
371        0.00329144       0.00302457
372        0.312359       0.075686
373        0.0150598       0.00668727
374        0.00354531       0.00314217
375        0.00536172       0.00269575
376        0.00181255       0.000537741
377        0.0027882       0.00140604
378        0.00404829       0.00378548
379        0.683069       0.226305
380        0.000430699       0.000120367
381        0.00433845       0.00163423
382        0.000938321       0.000112426
383        0.36359       0.252852
384        0.00185651       0.00058886
385        0.000634759       3.91014e-05
386        0.000716876       6.93245e-05
387        0.0105294       0.00137059
388        0.00532471       0.00474434
389        0.00724096       0.00422782
390        0.588511       0.361284
391        0.000942176       0.000225842
392        0.00421199       0.00247183
393        0.00883019       0.0115257
394        0.0125317       0.00120276
395        0.00420754       0.00118316
396        0.000923832       4.58747e-05
397        0.000889089       9.53748e-05
398        0.851013       0.245438
399        0.720614       0.196028
400        0.000888708       3.78667e-05
401        0.00142607       0.0004001
402        0.00598753       0.00347394
403        0.000707633       0.000530606
404        0.00152242       0.000148105
405        0.00382342       0.00170846
406        0.751626       0.09553
407        0.000449347       0.000149714
408        0.00469418       0.00302018
409        0.761105       0.732786
410        0.00364955       0.00253989
411        0.74126       0.21521
412        0.00346617       0.000345832
413        0.299062       0.0503911
414        0.000667377       8.57085e-05
415        0.00720963       0.0103819
416        0.000828131       5.14133e-05
417        0.00591822       0.00225664
418        0.00233101       0.000974077
419        0.00599637       0.00215284
420        0.00110943       0.00142457
421        0.00388912       0.00094877
422        0.00126663       0.00166974
423        0.00541427       0.000907846
424        0.000654332       4.41493e-05
425        0.00207773       0.000382379
426        0.00480345       0.00460889
427        0.00708807       0.00328614
428        0.00209363       0.00184364
429        0.00920934       0.00702399
430        0.0021588       0.000695169
431        0.00252075       0.000771211
432        0.00198929       0.000479715
433        1.28669       0.598111
434        0.00325363       0.00205375
435        0.00845605       0.00857493
436        0.00573093       0.00416793
437        1.68878       0.529809
438        0.0034799       0.000842756
439        0.504053       0.0609278
440        0.0460605       0.0134504
441        0.0152995       0.0187223
442        0.00720186       0.00530062
443        0.419058       0.0497242
444        0.00541065       0.00127348
445        0.00151681       8.13437e-05
446        0.00159984       4.90403e-05
447        0.00365565       0.000785364
448        4.82087       3.82652
449        0.0444956       0.0237374
450        0.104665       0.278478
451        0.00275699       0.00227791
452        0.0766825       0.0789379
453        0.0248595       0.00492736
454        0.00511073       0.00436122
455        0.0273133       0.00346763
456        0.00156174       4.87484e-05
457        0.0124452       0.00211353
458        0.00362689       0.00191875
459        0.00150897       3.04528e-05
460        2.31611       0.700941
461        0.255833       0.228898
462        0.0225218       0.00952009
463        0.0039541       0.0018783
464        0.00124033       0.000294821
465        0.0481353       0.0209473
466        0.0320936       0.00630736
467        0.00292266       0.000998788
468        0.0195076       0.0324076
469        0.0151859       0.0266565
470        0.00501482       0.0047857
471        0.0683136       0.00709268
472        0.00402947       0.00242041
473        5.71943       1.38634
474        0.0137382       0.00585801
475        0.00250864       0.00162396
476        0.0060825       0.00105051
477        0.00343059       0.0030879
478        0.00159955       6.10041e-05
479        0.0559663       0.038097
480        0.00241284       0.000720887
481        0.00325091       0.00141789
482        0.392056       0.0482381
483        0.00228936       0.00202525
484        0.00326226       0.000851788
485        0.000347456       6.22243e-05
486        0.000948057       0.000220205
487        0.0625678       0.00867309
488        0.00193235       0.00109681
489        0.00425697       0.0014368
490        0.00159128       9.28334e-05
491        0.00287865       0.00180329
492        0.000536928       0.000188196
493        1.44516       0.886629
494        0.0361345       0.0276156
495        0.0043688       0.00424404
496        0.00993       0.000776221
497        0.000851786       3.09995e-05
498        0.00356326       0.00322014
499        0.00103102       0.000140111
500        1.60563       0.550563
501        0.00193025       0.000910201
502        0.0109945       0.00321592
503        1.30399       0.640047
504        0.0110197       0.00235832
505        0.00113279       3.75683e-05
506        0.00155772       8.76068e-05
507        0.00105417       2.91427e-05
508        0.00114631       5.61145e-05
509        0.00139151       4.78354e-05
510        0.00150296       4.80802e-05
511        0.00170164       0.000119009
512        0.0015965       8.64603e-05
513        0.00127704       2.26135e-05
514        0.00122386       1.84256e-05
515        0.00103435       4.92236e-05
516        0.00164898       4.79295e-05
517        0.00141932       6.78355e-05
518        0.00153255       9.33952e-05
519        0.00174738       6.94116e-05
520        0.00136697       4.66215e-05
521        0.000933252       2.11626e-05
522        0.00128031       6.76266e-05
523        0.00115495       3.82446e-05
524        0.00109913       1.44228e-05
525        0.00121342       4.61375e-05
526        0.0012654       3.503e-05
527        0.000949977       2.89027e-05
528        0.00106643       3.77221e-05
529        0.00137717       5.29402e-05
530        0.00144612       4.91362e-05
531        0.00112933       8.42878e-05
532        0.00107288       2.23708e-05
533        0.00129597       2.58988e-05
534        0.00121046       2.85901e-05
535        0.00148235       0.000132285
536        0.00149602       0.000102736
537        0.00201639       0.000178696
538        0.00202381       0.000158727
539        0.00187647       0.000186535
540        0.000952432       8.77913e-05
541        0.00129132       0.000152972
542        0.00103458       4.04284e-05
543        0.00131035       0.000107462
544        0.00180386       0.000101775
545        0.00193463       8.32568e-05
546        0.00165633       0.0001143
547        0.00233197       0.000115417
548        0.0016503       0.000183171
549        0.00150918       0.000118006
550        0.00210651       7.76993e-05
551        0.000904158       7.08932e-05
552        0.0017433       5.73732e-05
553        0.00136161       0.000111394
554        0.00136057       0.000137145
555        0.00199976       0.000234326
556        0.00125628       0.000103228
557        0.00245806       0.000297804
558        0.00119887       0.000157159
559        0.00160077       0.000134552
560        0.00186773       0.000104765
561        0.00142743       0.000121447
562        0.00377651       0.000395157
563        0.00158875       0.000212178
564        0.00192394       9.50898e-05
565        0.00171831       0.000155221
566        0.00101748       7.74031e-05
567        0.00116635       6.3473e-05
568        0.000861818       4.61574e-05
569        0.00175552       7.82804e-05
570        0.00178187       0.000131904
571        0.00121564       9.3683e-05
572        0.00149003       7.14141e-05
573        0.00273794       0.000496821
574        0.00187169       6.81066e-05
575        0.00140985       0.00021169
576        0.000835256       4.6382e-05
577        0.00146664       6.59476e-05
578        0.0019946       0.000101902
579        0.00185582       0.000242898
580        0.00178417       0.000122886
581        0.00144549       0.000122825
582        0.00255118       6.89063e-05
583        0.00138874       3.0397e-05
584        0.00202375       7.87844e-05
585        0.00187572       0.000206406
586        0.00109343       7.92803e-05
587        0.00133864       4.33646e-05
588        0.0013322       0.00015102
589        0.00136847       0.000188219
590        0.00155704       0.000171102
591        0.00133092       9.4571e-05
592        0.00158774       0.000101685
593        0.00118403       0.000121858
594        0.00150953       0.000100051
595        0.000968106       6.07992e-05
596        0.00156083       0.000147891
597        0.00114071       8.16636e-05
598        0.00120428       0.000190156
599        0.0015484       0.000167898
600        0.0017963       6.7562e-05
601        0.00139298       0.000184339
602        0.00174889       5.17847e-05
603        0.00239582       0.000332839
604        0.00153463       0.000310172
605        0.00212974       0.000304571
606        0.00253219       0.000482844
607        0.00222357       0.000203144
608        0.00145823       5.87211e-05
609        0.00133635       7.29487e-05
610        0.00178966       0.000119397
611        0.0018433       0.000126908
612        0.00158185       0.000227881
613        0.00116998       9.5215e-05
614        0.00191891       0.000144462
615        0.00161887       0.000130307
616        0.00177257       0.000155452
617        0.00239758       0.000213179
618        0.00152009       3.00301e-05
619        0.00199062       7.84396e-05
620        0.00206949       6.87609e-05
621        0.00340158       0.000582683
622        0.00209773       0.000115497
623        0.00248732       0.000148074
624        0.00354675       0.000293389
625        0.00202661       0.000120594
626        0.00249252       0.000283785
627        0.00185891       0.000150361
628        0.0018039       0.000127177
629        0.00150054       0.000108913
630        0.00300429       0.000178642
631        0.00244862       0.000476336
632        0.00205618       0.000105909
633        0.00199668       0.000172161
634        0.00226584       8.46452e-05
635        0.00205457       0.000189679
636        0.0025336       0.000296193
637        0.00329428       0.0003607
638        0.00246164       0.000153453
639        0.00296453       0.000158206
640        0.00300291       0.000303203
641        0.00260912       9.87593e-05
642        0.00294745       0.00028023
643        0.00219141       0.000124464
644        0.00321488       0.00011847
645        0.00217451       0.000136688
646        0.00249658       0.000191109
647        0.00309054       0.000241487
648        0.00261347       0.000228692
649        0.00250727       0.00016334
650        0.00214032       0.000205029
651        0.00307053       0.000156543
652        0.0024538       0.000133909
653        0.00222195       0.000265714
654        0.00244318       0.000174407
655        0.00179784       0.000207696
656        0.00282018       0.000189834
657        0.00223878       0.00017628
658        0.00282873       0.000357985
659        0.00266093       0.000196427
660        0.00163285       0.000196671
661        0.00293389       0.000323181
662        0.00254212       0.000211833
663        0.00329779       0.000212814
664        0.00164586       0.00014466
665        0.00235785       0.000260873
666        0.00405066       0.000460839
667        0.00169335       0.000114962
668        0.00199998       0.000141466
669        0.00306139       0.00030424
670        0.00217643       5.78954e-05
671        0.00196702       7.04236e-05
672        0.00279104       0.000189997
673        0.00168762       6.28209e-05
674        0.00192077       0.000106081
675        0.0022476       0.000151267
676        0.00324592       0.000363706
677        0.00205781       0.000235076
678        0.00204441       0.000125851
679        0.00239591       0.000117341
680        0.00219778       0.000174484
681        0.00250451       0.000101336
682        0.00192404       0.000197672
683        0.00194548       0.000194037
684        0.00228789       8.53819e-05
685        0.00499409       0.000832393
686        0.00303215       0.000247628
687        0.00336861       0.000408683
688        0.00238885       0.000195433
689        0.00244163       0.000112412
690        0.0027666       0.000143091
691        0.00246557       0.000191414
692        0.00174726       0.00013728
693        0.00168424       9.15e-05
694        0.00177242       0.000140359
695        0.00601939       0.00031675
696        0.00330438       0.000393347
697        0.00283269       9.2248e-05
698        0.00217376       0.000116317
699        0.00213798       0.000199832
700        0.00339918       0.000180168
701        0.00330036       0.000216187
702        0.00377326       0.000290559
703        0.00432915       0.000323663
704        0.00354877       0.000261156
705        0.00321208       0.000203261
706        0.00366959       0.00043652
707        0.0032556       0.000520776
708        0.00398221       0.000583282
709        0.00438802       0.000442944
710        0.00256054       0.000127515
711        0.0027562       0.000160667
712        0.00296621       0.000250227
713        0.00254908       0.00025151
714        0.00666069       0.000686323
715        0.00585889       0.00143812
716        0.00252678       0.000201488
717        0.00246193       0.00018703
718        0.00371507       0.00027987
719        0.00381751       0.000165192
720        0.00284046       0.000232041
721        0.00318391       0.000130327
722        0.0044525       0.000136496
723        0.00325243       0.000287203
724        0.00544757       0.000468506
725        0.00339002       0.000270583
726        0.00228531       0.000226502
727        0.00294422       0.000103756
728        0.0027393       0.000120245
729        0.00265304       0.000546315
730        0.00286527       0.000286469
731        0.00352061       0.000341868
732        0.00297851       0.000275379
733        0.00373992       0.000337624
734        0.0020836       0.000157899
735        0.003108       0.000302135
736        0.00429576       0.000214361
737        0.00273184       0.000204775
738        0.00379878       0.000264026
739        0.00310138       0.000245568
740        0.0055117       0.00045294
741        0.00326305       0.000173183
742        0.00304654       0.000239713
743        0.00265863       8.391e-05
744        0.00325668       0.000211407
745        0.00349188       0.000262784
746        0.0025742       0.000159062
747        0.00359328       0.000282064
748        0.00359803       0.000298697
749        0.00318219       0.00035
750        0.00423496       0.000299382
751        0.00288734       0.000679039
752        0.00352056       0.000328126
753        0.00388451       0.000382883
754        0.00273352       0.000295151
755        0.00304868       0.000444961
756        0.00397384       0.000406192
757        0.00425264       0.000428403
758        0.00330244       0.000399333
759        0.00262461       0.000195275
760        0.00348654       0.000213053
761        0.00363059       0.000511509
762        0.00242859       9.66518e-05
763        0.00305227       0.000208523
764        0.00487643       0.000323186
765        0.00354718       0.000312175
766        0.00379886       0.000180046
767        0.00268776       0.000157842
768        0.00351009       0.000227332
769        0.00194912       0.000176544
770        0.00270229       0.000294104
771        0.00215241       0.000191912
772        0.00265637       0.000217457
773        0.00266741       0.000299902
774        0.00430385       0.000195512
775        0.00504055       0.000707249
776        0.00392063       0.000278085
777        0.00482274       0.000395309
778        0.00334       0.000421856
779        0.00461382       0.000171809
780        0.00444253       0.000340183
781        0.0050232       0.000275842
782        0.0198872       0.00200677
783        0.00488097       0.00030103
784        0.00508451       0.000693634
785        0.0051186       0.000590776
786        0.00481229       0.000297305
787        0.00335898       0.000294603
788        0.00708675       0.000842637
789        0.00541218       0.000183198
790        0.00423772       0.00011012
791        0.0386366       0.00279175
792        0.00590727       0.000930218
793        0.00414657       0.000193558
794        0.00373858       0.000525308
795        0.00546803       0.00115007
796        0.00434998       0.000871464
797        0.00407205       0.000586255
798        0.00467904       0.000533011
799        0.00580372       0.00078007
800        0.00445505       0.000138357
801        0.00484014       0.000694819
802        0.00406176       0.000400403
803        0.00727981       0.000656679
804        0.00972972       0.00100044
805        0.00366781       0.000287655
806        0.00655745       0.000521497
807        0.00473607       0.00030497
808        0.00499787       0.000342619
809        0.00671077       0.00043677
810        0.00722958       0.00109046
811        0.00410156       0.000294873
812        0.00472063       0.000507785
813        0.00350363       0.000409851
814        0.00497543       0.00032559
815        0.00461583       0.000225066
816        0.00516197       0.00105318
817        0.0124936       0.000927716
818        0.00324015       0.000507317
819        0.00327885       0.000228853
820        0.00871257       0.0015552
821        0.00446228       0.00143733
822        0.00599371       7.80485e-05
823        0.00557603       0.000428455
824        0.00402438       0.000152103
825        0.00927221       0.00080103
826        0.00519917       0.00064711
827        0.00375632       0.000347881
828        0.00442854       0.000355192
829        0.00581224       0.000398612
830        0.00525689       0.000284601
831        0.00480579       0.000683026
832        0.00493232       0.000287623
833        0.00445004       0.000160275
834        0.00555977       0.00022722
835        0.00588293       0.000605437
836        0.00404234       0.000348088
837        0.00469592       8.10511e-05
838        0.00859359       0.000909067
839        0.0049448       0.000241496
840        0.00489831       0.000482599
841        0.00484599       0.000345627
842        0.00366555       0.000301291
843        0.00786852       0.00256839
844        0.0143672       0.000894078
845        0.00441679       0.000287399
846        0.00593348       0.00055008
847        0.00533411       0.00103787
848        0.0109448       0.00154332
849        0.00396319       0.00024731
850        0.00786381       0.00159706
851        0.00391136       0.000685979
852        0.0131334       0.00182848
853        0.00403983       0.000560992
854        0.00483006       0.000592122
855        0.000261423       2.56989e-05
856        0.000208696       9.7729e-06
857        0.000236542       1.19383e-05
858        0.000189549       5.7621e-06
859        0.000207031       2.02742e-05
860        0.000278327       8.95203e-06
861        0.000246763       9.10393e-06
862        0.000246387       1.37324e-05
863        0.000212642       6.60817e-06
864        0.000226397       3.47922e-06
865        0.000218685       6.33502e-06
866        0.000206456       1.29401e-05
867        0.000235626       1.27712e-05
868        0.000236655       1.30873e-05
869        0.000231971       8.41463e-06
870        0.000163634       2.60831e-06
871        0.000238207       4.39116e-06
872        0.000180752       5.84856e-06
873        0.000224758       7.97967e-06
874        0.000177755       9.51624e-06
875        0.000261779       1.01726e-05
876        0.000224845       5.70659e-06
877        0.000134572       5.19674e-06
878        0.000218636       9.17438e-06
879        0.000212167       1.37297e-05
880        0.000181603       1.34623e-05
881        0.000340392       5.43037e-06
882        0.000236064       1.13991e-05
883        0.000218303       3.28577e-06
884        0.000184016       7.5854e-06
885        0.000486362       3.13005e-05
886        0.00035813       1.18012e-05
887        0.000616163       2.84731e-05
888        0.000328179       7.35027e-06
889        0.000337085       1.37205e-05
890        0.000437712       7.03455e-06
891        0.000562089       1.40884e-05
892        0.000416033       1.69376e-05
893        0.000440226       1.17404e-05
894        0.000332358       9.46596e-06
895        0.000401022       6.07124e-06
896        0.000348188       1.54638e-05
897        0.000359137       8.41858e-06
898        0.000414171       1.36822e-05
899        0.000393814       8.86068e-06
900        0.000481073       2.04526e-05
901        0.000555984       2.95062e-05
902        0.000342342       9.83991e-06
903        0.000252916       1.77424e-05
904        0.000333187       1.24533e-05
905        0.00039891       9.27518e-06
906        0.000543464       1.81422e-05
907        0.000357587       9.47328e-06
908        0.000314644       1.11045e-05
909        0.000407279       2.00707e-05
910        0.000369106       9.07487e-06
911        0.00033224       1.81488e-05
912        0.000396022       6.86244e-06
913        0.00037122       7.02999e-06
914        0.000321973       1.26077e-05
915        0.000607509       1.51542e-05
916        0.000787527       2.69989e-05
917        0.000735879       3.89354e-05
918        0.000841721       2.89491e-05
919        0.00067938       1.77599e-05
920        0.000634709       3.29578e-05
921        0.000846634       4.85049e-05
922        0.000889599       1.44588e-05
923        0.000689505       1.54595e-05
924        0.00078692       1.01859e-05
925        0.00088137       1.87634e-05
926        0.000699014       6.04e-05
927        0.000682162       1.39634e-05
928        0.000916543       1.53548e-05
929        0.000671851       2.28863e-05
930        0.000777514       1.92605e-05
931        0.000682776       2.18193e-05
932        0.000809466       2.45747e-05
933        0.000989993       5.30951e-05
934        0.000904726       2.82908e-05
935        0.000875791       1.67199e-05
936        0.00102268       4.19649e-05
937        0.000888249       4.14774e-05
938        0.00061871       2.51036e-05
939        0.000807922       3.00455e-05
940        0.000828454       1.87009e-05
941        0.000768742       2.36727e-05
942        0.000733838       1.73177e-05
943        0.000845477       3.66503e-05
944        0.000909449       2.05927e-05
945        0.00156451       0.00017665
946        0.00294282       0.000453387
947        0.00221455       0.00011794
948        0.00140333       0.000173062
949        0.0015402       8.98769e-05
950        0.00240799       0.000240437
951        0.00159923       0.000194502
952        0.00416402       0.0010077
953        0.00579025       0.00121657
954        0.00232861       0.00100928
955        0.00210895       0.000103726
956        0.00151539       6.78834e-05
957        0.00406004       0.000457741
958        0.0029037       0.000296703
959        0.00268665       0.000284237
960        0.00273378       0.000520474
961        0.00185566       9.44641e-05
962        0.00125676       7.08201e-05
963        0.00160402       3.62729e-05
964        0.00152236       0.000100813
965        0.00140055       4.88967e-05
966        0.00279574       0.000261304
967        0.00487573       0.000230321
968        0.00298399       0.000542511
969        0.00177143       0.000190372
970        0.00451893       0.000287016
971        0.00121898       0.000106159
972        0.00234816       0.000112731
973        0.0024606       0.000440165
974        0.00153529       5.22943e-05
975        0.00228856       5.08395e-05
976        0.001566       0.000217031
977        0.00234137       0.000101959
978        0.00234145       0.000127821
979        0.00196851       0.00016297
980        0.000855338       5.05563e-05
981        0.00411922       0.000334466
982        0.0119343       0.00145022
983        0.00134168       3.91903e-05
984        0.00387634       0.000316037
985        0.00169585       0.000259627
986        0.00236553       0.00016614
987        0.00322968       6.97736e-05
988        0.00127414       0.000246254
989        0.00129441       4.95736e-05
990        0.00333134       0.000548197
991        0.00134217       8.83539e-05
992        0.00232973       0.000117601
993        0.00510416       0.000507361
994        0.00183073       6.73754e-05
995        0.00227963       0.000178759
996        0.00577426       0.000473562
997        0.00374795       0.0010697
998        0.00611941       0.00211423
999        0.00289228       0.000267029
1000        0.00369867       0.000423599
1001        0.00305988       0.000328408
1002        0.000927422       8.24039e-05
1003        0.00132016       0.000132777
1004        0.00712428       0.00108847
1005        0.00324516       0.00018862
1006        0.00319797       0.00025992
1007        0.0022532       0.000148654
1008        0.00354993       0.000404522
1009        0.00397732       0.000799906
1010        0.01038       0.00139594
1011        0.00365604       0.000506198
1012        0.00191042       0.000287301
1013        0.00333418       0.000465261
1014        0.00143121       0.000165456
1015        0.0023513       0.000473356
1016        0.00292863       0.000229668
1017        0.00150684       0.000184509
1018        0.00293618       0.000150282
1019        0.0024299       7.29106e-05
1020        0.0031451       0.000228639
1021        0.00219903       4.90299e-05
1022        0.00298847       0.00044458
1023        0.00165876       0.000144739
1024        0.00168802       0.000604178
1025        0.00353276       0.000277515
1026        0.00358329       0.00023815
1027        0.00318848       0.000112511
1028        0.00250653       0.00021789
1029        0.00501614       0.00033756
1030        0.00209941       0.000261992
1031        0.00175782       9.61182e-05
1032        0.0027564       0.000276726
1033        0.00488994       0.0015831
1034        0.00374374       0.000318186
1035        0.00326231       0.00124381
1036        0.0102793       0.000881092
1037        0.00351548       0.000431552
1038        0.00946967       0.00166125
1039        0.00243121       0.000132325
1040        0.0377389       0.00347295
1041        0.00579185       0.00038615
1042        0.00436437       0.00107987
1043        0.0340883       0.00352664
1044        0.0124421       0.00107359
1045        0.00988754       0.00124327
1046        0.00326937       0.000913411
1047        0.0423828       0.0209829
1048        0.00177358       0.000221936
1049        0.017286       0.00819611
1050        0.00697385       0.000905603
1051        0.00709704       0.000309936
1052        0.0168935       0.00682469
1053        0.0154556       0.0065523
1054        0.00734658       0.000335123
1055        0.00420239       0.00135756
1056        0.0104985       0.00562386
1057        0.0207266       0.00488173
1058        0.00468584       0.00034094
1059        0.00420462       0.000902755
1060        0.00774274       0.000691574
1061        0.0107063       0.00142611
1062        0.00432587       0.000341136
1063        0.00504853       0.000293657
1064        0.0145741       0.00439683
1065        0.00430026       0.00237318
1066        0.00754452       0.00149567
1067        0.00252416       0.00062835
1068        0.00504669       0.000571881
1069        0.0153527       0.00295734
1070        0.00259886       0.000298064
1071        0.00360597       0.00112564
1072        0.0126243       0.00141812
1073        0.00534371       0.000419682
1074        0.0072113       0.00134498
1075        0.00730277       0.000682702
1076        0.0119498       0.00205207
1077        0.0117759       0.00359069
1078        0.0381719       0.00579428
1079        0.0207406       0.00581364
1080        0.012044       0.00153697
1081        0.00587259       0.000250224
1082        0.0284531       0.00132061
1083        0.0120633       0.00171217
1084        0.00568318       0.000551521
1085        0.0136402       0.00447605
1086        0.0102616       0.00180659
1087        0.0272537       0.00179245
1088        0.00980576       0.000794148
1089        0.0766469       0.00476003
1090        0.00609869       0.00110896
1091        0.0133739       0.00077262
1092        0.0421003       0.0124123
1093        0.00709516       0.00091811
1094        0.00808519       0.00100139
1095        0.0144997       0.00224226
1096        0.0109813       0.00168536
1097        0.00668123       0.00187658
1098        0.0676039       0.00480603
1099        0.00406385       0.000350729
1100        0.149428       0.0419155
1101        0.0154648       0.0022666
1102        0.00847704       0.00306245
1103        0.0238206       0.00122124
1104        0.0193755       0.00524053
1105        0.00381727       0.000233911
1106        0.00753078       0.000729687
1107        0.148376       0.108287
1108        0.0120107       0.00171239
1109        0.00843802       0.00214636
1110        0.0259638       0.00555228
1111        0.00606339       0.000583295
1112        0.0723974       0.0386682
1113        0.00831922       0.000435153
1114        0.00319004       0.000319248
