#str         Henry coeff (mol/kg/Pa)          error (mol/kg/Pa)   
0        0.00067637       3.61128e-05
1        0.000468876       1.46982e-05
2        0.000470195       2.03125e-05
3        0.000803881       7.30927e-05
4        0.00036387       6.08856e-05
5        0.00113573       8.57088e-05
6        0.00131342       0.000108129
7        0.000402413       7.57004e-05
8        0.00044332       1.71958e-05
9        0.000793451       2.66585e-05
10        0.000553088       6.01208e-05
11        0.000824242       2.19229e-05
12        0.000391713       2.14142e-05
13        0.00072248       3.67891e-05
14        0.000742854       5.4391e-05
15        0.000701434       0.000101121
16        0.000435223       1.80634e-05
17        0.0016132       0.000127084
18        0.00052641       4.54309e-05
19        0.000551825       1.46192e-05
20        0.000457568       1.67937e-05
21        0.000729676       1.07886e-05
22        0.00122411       0.000137075
23        0.000784275       3.22848e-05
24        0.000445509       4.14536e-05
25        0.00102932       3.99383e-05
26        0.000797606       6.43801e-05
27        0.000832257       9.21809e-05
28        0.00061592       2.40139e-05
29        0.000732301       4.47529e-05
30        0.00045384       1.72427e-05
31        0.00057242       4.7614e-05
32        0.00127775       0.000125922
33        0.000938498       4.53139e-05
34        0.000603305       2.29065e-05
35        0.000896523       3.90938e-05
36        0.000826773       5.31695e-05
37        0.000853655       1.85807e-05
38        0.000601647       4.63316e-05
39        0.000325236       1.42281e-05
40        0.00073046       1.01671e-05
41        0.00081999       5.01345e-05
42        0.000641824       3.90873e-05
43        0.000743631       2.24535e-05
44        0.000770554       1.68388e-05
45        0.000599155       2.36851e-05
46        0.0012325       7.63163e-05
47        0.000794318       2.71586e-05
48        0.000745369       1.3196e-05
49        0.000786899       2.16168e-05
50        0.000476576       2.4214e-05
51        0.000600644       1.99029e-05
52        0.000630275       3.85644e-05
53        0.000578834       2.99263e-05
54        0.000618344       2.23671e-05
55        0.000673335       3.59178e-05
56        0.000795311       5.35255e-05
57        0.000676011       5.0462e-05
58        0.000896798       3.22324e-05
59        0.000702835       3.59166e-05
60        0.000512649       2.88558e-05
61        0.00108776       7.23182e-05
62        0.000717328       3.63781e-05
63        0.000595342       1.84986e-05
64        0.000757185       3.32658e-05
65        0.0037222       0.00061842
66        0.00083416       3.82781e-05
67        0.00038528       1.94184e-05
68        0.00111543       6.6914e-05
69        0.000718468       7.7133e-05
70        0.00211062       0.000460001
71        0.00136669       4.51227e-05
72        0.000577945       2.10526e-05
73        0.00080621       0.000114843
74        0.000739825       1.45565e-05
75        0.0006256       4.30999e-05
76        0.000565794       4.68889e-05
77        0.000551788       2.4158e-05
78        0.000645906       1.30749e-05
79        0.000547587       3.17073e-05
80        0.0102632       0.00283311
81        0.000810873       9.82642e-05
82        0.000732369       4.2712e-05
83        0.00125063       9.76074e-05
84        0.000680097       2.36055e-05
85        0.000786452       3.42851e-05
86        0.000615243       3.69277e-05
87        0.00238038       0.000229708
88        0.00104378       7.51721e-05
89        0.00137323       0.000140936
90        0.000757761       1.64496e-05
91        0.000842154       0.000150462
92        0.00107057       6.19838e-05
93        0.000892961       5.92901e-05
94        0.00147659       0.000143762
95        0.000421187       6.97613e-06
96        0.000848761       0.000105417
97        0.00214481       0.000212841
98        0.000845859       1.65603e-05
99        0.0011679       0.000122702
100        0.0013361       4.50723e-05
101        0.00128879       0.00012648
102        0.0012845       3.98079e-05
103        0.000595734       2.64247e-05
104        0.000431591       5.55112e-05
105        0.00110715       6.38565e-05
106        0.000656808       5.01052e-05
107        0.000891473       0.000130739
108        0.00242564       0.000327554
109        0.000771337       2.773e-05
110        0.00180892       0.000286893
111        0.00206558       0.00015707
112        0.000664764       6.38685e-05
113        0.000756199       0.000144703
114        0.000811961       7.29966e-05
115        0.000838498       2.60633e-05
116        0.000888227       3.96998e-05
117        0.000545715       7.01711e-05
118        0.0128745       0.00130192
119        0.000845888       2.51596e-05
120        0.000806885       1.36818e-05
121        0.000737955       3.33847e-05
122        0.000733482       9.18423e-05
123        0.000493064       2.41439e-05
124        0.00116037       0.000126331
125        0.00110372       6.98344e-05
126        0.00209104       0.000104131
127        0.000741342       2.42439e-05
128        0.00153269       0.000175406
129        0.000548756       1.89584e-05
130        0.00101594       6.85659e-05
131        0.000468102       5.19502e-05
132        0.00138862       2.63571e-05
133        0.00082229       9.66913e-05
134        0.00203643       8.24724e-05
135        0.00108347       3.02662e-05
136        0.00152239       0.000188418
137        0.00139963       7.77811e-05
138        0.00106564       8.33184e-05
139        0.00178851       4.46707e-05
140        0.00172172       0.000149218
141        0.00139939       5.41277e-05
142        0.00117251       5.87915e-05
143        0.00322642       0.000567763
144        0.000566266       7.29264e-06
145        0.0023954       0.000336093
146        0.00119957       6.96646e-05
147        0.00166668       0.000117299
148        0.000806514       5.9809e-05
149        0.000886295       3.02366e-05
150        0.00104494       0.000143251
151        0.000724563       0.000114375
152        0.000628113       2.06592e-05
153        0.00102347       6.67974e-05
154        0.00104167       6.08377e-05
155        0.000751291       5.9613e-05
156        0.00149066       0.000133041
157        0.00104584       7.58408e-05
158        0.00107864       0.000113943
159        0.00213361       0.00015081
160        0.00235272       0.00018882
161        0.000935828       5.4408e-05
162        0.00247142       0.000134018
163        0.00177615       0.000103272
164        0.00236935       9.27474e-05
165        0.00142096       3.60061e-05
166        0.00142365       7.69088e-05
167        0.00129376       6.16354e-05
168        0.00269066       0.000145451
169        0.00571333       0.000450658
170        0.00138871       6.81789e-05
171        0.000881976       3.67146e-05
172        0.000753668       5.56751e-05
173        0.00132973       0.000198021
174        0.00323226       0.000805204
175        0.00115692       0.000134008
176        0.00168132       0.000133438
177        0.00184982       5.8323e-05
178        0.00282337       0.000382642
179        0.00153354       0.000164972
180        0.00238411       0.000366756
181        0.00103609       0.000106334
182        0.0014499       4.47543e-05
183        0.000662571       2.27025e-05
184        0.000795815       0.000106273
185        0.000872998       2.23169e-05
186        0.000964211       3.03089e-05
187        0.00118802       0.000103182
188        0.000488666       4.39159e-05
189        0.0013814       6.12364e-05
190        0.00084563       0.000164777
191        0.00109127       1.98966e-05
192        0.00111239       2.62564e-05
193        0.00089261       7.13469e-05
194        0.000995059       4.12057e-05
195        0.00255333       0.000153388
196        0.00252967       0.000319815
197        0.00401089       0.000627146
198        0.00203128       0.000395818
199        0.00283737       0.00010532
200        0.00187748       8.10434e-05
201        0.000977896       5.42722e-05
202        0.0018676       0.000139628
203        0.000752612       4.33812e-05
204        0.00203908       4.79845e-05
205        0.00100311       0.000134338
206        0.000907475       0.000117576
207        0.000737238       0.000174173
208        0.00114005       5.75667e-05
209        0.00125728       0.000292465
210        0.000526915       2.25802e-05
211        0.0015425       0.000118011
212        0.00154616       0.0002198
213        0.000949698       4.75981e-05
214        0.00138618       9.52361e-05
215        0.0018932       3.41566e-05
216        0.00120901       6.895e-05
217        0.0010317       0.000234247
218        0.000549056       2.90085e-06
219        0.00326152       0.000381633
220        0.00192009       8.11034e-05
221        0.000943434       3.08016e-05
222        0.000960172       1.71895e-05
223        0.00178175       0.000296632
224        0.000925744       9.2075e-05
225        0.00125205       4.08043e-05
226        0.00325071       0.00286364
227        0.000670708       5.13691e-05
228        0.00276521       0.000442328
229        0.000897486       4.37656e-05
230        0.00132125       0.000248096
231        0.00170245       9.18528e-05
232        0.00306499       0.000539781
233        0.0300156       0.00214176
234        0.00116547       3.09805e-05
235        0.000964514       1.14634e-05
236        0.0172785       0.00230662
237        0.000723494       3.6932e-05
238        0.00162665       5.06062e-05
239        0.00118565       6.45998e-05
240        0.00411878       0.000404148
241        0.00096661       7.0411e-05
242        0.0162099       0.00537467
243        0.00279919       0.000291675
244        0.00266104       0.000245198
245        0.000731514       7.24978e-05
246        0.00149392       5.89217e-05
247        0.0026348       0.000203965
248        0.00343601       8.5063e-05
249        0.00413236       0.000444183
250        0.00161684       6.42246e-05
251        0.00144924       0.000179947
252        0.00201888       0.000104375
253        0.00262143       0.000341458
254        0.00230495       9.92599e-05
255        0.00100234       0.000144888
256        0.00133371       4.80836e-05
257        0.00164421       0.000384483
258        0.00427576       0.00131579
259        0.00205753       0.000147206
260        0.00165831       0.000112732
261        0.0094605       0.00145065
262        0.00125056       0.000128359
263        0.00156551       5.68308e-05
264        0.0017626       7.07742e-05
265        0.00122196       0.000161291
266        0.00302078       0.000424167
267        0.00106295       4.71288e-05
268        0.00219493       0.000326265
269        0.00241299       0.000581733
270        0.00286005       0.000274816
271        0.00782152       0.00102137
272        0.00174494       4.16645e-05
273        0.00154002       4.31232e-05
274        0.0013049       4.88457e-05
275        0.000806546       0.000121064
276        0.00208811       0.000382339
277        0.00119527       0.000212684
278        0.00117574       0.000164522
279        0.0249589       0.00676863
280        0.000795342       9.50523e-05
281        0.00111115       0.000843027
282        0.00160753       0.000110626
283        0.00171472       9.14938e-05
284        0.00194993       5.25644e-05
285        0.00215733       0.000136561
286        0.00148129       9.82669e-05
287        0.0030341       0.000232673
288        0.00156805       0.000244866
289        0.00252818       0.000176785
290        0.00113605       8.46526e-05
291        0.013489       0.00359057
292        0.00135911       0.000382533
293        0.00541379       0.00169997
294        0.00179525       0.00010438
295        0.00799438       0.00146735
296        0.0337285       0.012316
297        0.00274179       0.000633071
298        0.00297333       0.000103356
299        0.00179552       7.13149e-05
300        0.00246638       0.000763051
301        0.00147205       0.000132101
302        0.00211167       3.64722e-05
303        0.00113532       6.11736e-05
304        0.00442312       0.000554097
305        0.00146929       7.0202e-05
306        0.00287443       0.000775329
307        0.00187885       7.01998e-05
308        0.00184127       0.000139424
309        0.00258185       0.000859032
310        0.0222234       0.00379395
311        0.00117076       0.00011782
312        0.0190993       0.000764491
313        0.0017807       0.000216444
314        0.0020184       0.000119329
315        0.000828265       6.28068e-05
316        0.00458399       0.000222046
317        0.00185926       0.000342865
318        0.00162878       8.21823e-05
319        0.0992491       0.030732
320        0.000151489       5.91743e-06
321        0.00015449       5.68722e-06
322        0.000166306       4.49018e-06
323        0.000136991       2.69541e-06
324        0.000222532       9.69128e-06
325        0.000137935       1.23303e-05
326        0.000238776       1.06888e-05
327        0.000228426       8.40573e-06
328        0.000348581       4.2278e-05
329        0.000228429       2.31663e-05
330        0.000152935       1.46991e-05
331        0.000152368       1.5306e-05
332        0.000117899       6.25296e-06
333        0.000131495       9.55553e-06
334        0.000229152       8.65706e-06
335        0.000167385       5.9084e-06
336        0.000158011       2.55811e-06
337        0.000188515       5.32151e-06
338        0.000228548       1.50892e-05
339        0.000150787       4.27913e-06
340        0.000225478       1.16805e-05
341        0.000211538       1.75639e-05
342        0.000158967       3.31534e-06
343        0.000138793       9.14024e-06
344        0.000154164       8.39848e-06
345        0.000172099       4.65977e-06
346        0.000179997       7.46508e-06
347        0.000141147       7.61119e-06
348        0.00029595       2.42606e-05
349        0.000155158       8.29931e-06
350        0.000172906       5.81308e-06
351        0.000211041       2.74409e-06
352        0.000141572       4.65746e-06
353        0.000116444       2.67146e-06
354        0.000161054       3.12495e-06
355        0.00016493       8.06322e-06
356        0.000131417       1.93818e-05
357        0.000172449       3.70734e-06
358        0.00020485       1.7485e-05
359        0.000281194       8.44475e-06
360        0.00020689       9.41138e-06
361        0.000240137       1.34942e-05
362        0.000168391       6.31066e-06
363        0.000183783       2.19259e-05
364        0.000266136       1.27207e-05
365        0.000142424       6.87106e-06
366        0.000202793       8.37159e-06
367        0.000223998       7.32604e-06
368        0.000153579       7.70043e-06
369        0.000188673       4.47917e-06
370        0.000128553       6.11975e-06
371        0.000208881       1.75898e-05
372        0.000166077       1.66429e-05
373        0.000223739       8.76269e-06
374        0.000141999       5.43907e-06
375        0.000189822       8.80858e-07
376        0.000195427       5.47462e-06
377        0.000241598       9.17187e-06
378        0.000184642       1.43635e-05
379        0.000140912       9.0451e-06
380        0.000195492       1.3586e-05
381        0.000238036       9.35671e-06
382        0.000307424       1.49025e-05
383        0.000178273       8.56302e-06
384        0.000154709       2.42423e-06
385        0.000121544       7.01731e-06
386        0.00014009       2.97374e-06
387        0.000174365       7.29186e-06
388        0.000168878       1.51474e-05
389        0.000108644       1.56791e-06
390        0.00014949       5.74209e-06
391        0.000175578       5.13898e-06
392        0.000168506       1.02284e-05
393        0.000185027       8.31008e-06
394        0.000154942       5.25416e-06
395        0.000120923       1.46147e-05
396        0.000131405       5.70133e-06
397        0.000236123       1.88619e-05
398        0.00018685       2.49097e-05
399        0.000149508       3.45514e-05
400        0.000328718       2.84095e-06
401        0.000241822       8.94041e-06
402        0.000258748       3.06252e-05
403        0.000235267       1.56043e-06
404        0.000252684       1.72221e-05
405        0.000189962       2.99852e-05
406        0.000193145       1.6378e-05
407        0.000354282       1.62786e-05
408        0.000237199       1.03492e-05
409        0.000376938       1.65619e-05
410        0.000271674       1.2232e-05
411        0.000385321       1.00315e-05
412        0.000444797       2.42878e-05
413        0.000207256       6.07699e-06
414        0.000232251       1.76988e-05
415        0.000241239       9.7536e-06
416        0.000278257       3.85449e-06
417        0.000214579       7.1076e-06
418        0.000264817       1.42085e-05
419        0.000332716       2.36759e-05
420        0.000391197       1.39212e-05
421        0.000338408       9.18185e-06
422        0.000346564       5.24322e-06
423        0.000339925       8.89843e-06
424        0.00022714       1.25085e-05
425        0.00023324       5.46575e-06
426        0.000201615       1.44779e-05
427        0.000367324       1.66199e-05
428        0.000269115       1.00617e-05
429        0.000380257       2.56813e-05
430        0.000340844       1.15391e-05
431        0.00044444       9.26952e-06
432        0.000271248       2.4341e-06
433        0.000285507       1.40746e-05
434        0.000262663       1.21082e-05
435        0.000292126       1.05279e-05
436        0.000301425       2.0043e-05
437        0.000297602       1.68281e-05
438        0.0003111       7.24553e-06
439        0.00050161       4.36355e-05
440        0.000358153       9.48461e-06
441        0.000261105       1.11692e-05
442        0.000403168       1.86472e-05
443        0.000398654       2.03492e-05
444        0.000255155       4.44943e-06
445        0.000371421       1.3653e-05
446        0.000331388       9.80039e-06
447        0.000332821       1.13808e-05
448        0.000527188       3.2542e-05
449        0.000348642       2.43979e-05
450        0.000417612       2.4422e-05
451        0.000409124       1.65154e-05
452        0.000359902       1.48754e-05
453        0.000321925       1.70219e-05
454        0.000280122       1.72671e-05
455        0.000332064       1.30027e-05
456        0.000333929       6.2515e-06
457        0.000276953       1.15938e-06
458        0.000635206       5.68663e-05
459        0.000305405       5.25808e-06
460        0.000232673       2.04444e-05
461        0.000409873       2.46625e-05
462        0.000211163       7.69765e-06
463        0.000289789       6.75494e-06
464        0.000291381       8.81018e-06
465        0.000311426       6.21089e-06
466        0.000241375       7.58786e-06
467        0.000277614       2.00844e-05
468        0.000264701       7.46362e-06
469        0.00029035       1.8304e-05
470        0.000419898       5.83104e-05
471        0.000262685       1.40316e-05
472        0.000387921       1.18314e-05
473        0.000276102       4.57199e-06
474        0.000215834       1.34186e-05
475        0.000197222       1.32902e-05
476        0.00029222       1.01303e-05
477        0.000247201       3.47344e-05
478        0.000338406       2.28977e-05
479        0.000240867       7.88348e-06
480        0.000361353       1.91677e-05
481        0.000268582       9.84672e-06
482        0.000533443       1.29421e-05
483        0.000579887       2.10746e-05
484        0.000403253       8.62665e-06
485        0.000446199       4.90662e-05
486        0.000241665       5.43885e-06
487        0.000285861       2.39367e-06
488        0.000435644       1.55942e-05
489        0.000293813       1.12078e-05
490        0.000414267       5.48966e-05
491        0.000424716       1.02812e-05
492        0.000400846       8.38948e-06
493        0.000378493       1.35135e-05
494        0.000372022       1.16693e-05
495        0.000588034       5.52949e-05
496        0.000325983       1.18363e-05
497        0.000402151       1.23437e-05
498        0.000656161       6.99089e-05
499        0.000407657       1.00113e-05
500        0.000264642       1.77027e-05
501        0.000506987       2.25393e-05
502        0.000373879       2.91732e-05
503        0.000341102       1.75764e-05
504        0.000482966       2.84965e-05
505        0.000836759       2.89516e-05
506        0.000312953       1.04232e-05
507        0.000319332       1.6453e-05
508        0.000559449       2.38716e-05
509        0.000387477       1.74689e-05
510        0.000504725       2.58299e-05
511        0.000372457       1.12794e-05
512        0.000425754       9.15151e-06
513        0.000395519       1.70967e-05
514        0.000583578       2.33385e-05
515        0.000398875       2.1495e-05
516        0.000693228       3.6874e-05
517        0.000476797       1.55965e-05
518        0.000398128       1.36433e-05
519        0.000554072       2.5918e-05
520        0.000308812       8.45387e-06
521        0.000379377       7.53112e-06
522        0.000817001       0.000114981
523        0.000399776       2.72285e-05
524        0.000576209       2.428e-05
525        0.000439245       1.46655e-05
526        0.000349623       4.92676e-05
527        0.000544405       1.41568e-05
528        0.000556201       9.87955e-06
529        0.000536193       3.4397e-05
530        0.000541831       2.75184e-05
531        0.000455102       1.51745e-05
532        0.000290233       1.10223e-05
533        0.000494173       2.50228e-05
534        0.000707038       3.30595e-05
535        0.000470706       9.6693e-06
536        0.000420845       1.42725e-05
537        0.000478102       8.0286e-06
538        0.000468012       2.63137e-05
539        0.000401977       1.02634e-05
540        0.000269387       6.36515e-06
541        0.00068407       3.40156e-05
542        0.000344087       2.15185e-05
543        0.00033191       9.05416e-06
544        0.000512383       2.4979e-05
545        0.000597526       2.73107e-05
546        0.000393509       1.00421e-05
547        0.000324874       1.42293e-05
548        0.000329823       1.5716e-05
549        0.00106617       8.62663e-05
550        0.000923434       4.3816e-05
551        0.000430135       1.12307e-05
552        0.000398009       1.63624e-05
553        0.000365166       1.46326e-05
554        0.00138715       0.000274923
555        0.000757931       3.609e-05
556        0.000429643       0.000118654
557        0.000448656       2.22351e-05
558        0.000330761       4.9335e-06
559        0.000364116       3.69928e-05
560        0.000580952       6.9501e-05
561        0.00232337       0.000544319
562        0.000287498       3.33375e-05
563        0.000538057       3.39101e-05
564        0.00124513       0.000129562
565        0.00240453       0.000902978
566        0.00208715       0.000501471
567        0.000544563       7.78999e-05
568        0.000410347       6.6564e-05
569        0.000405304       1.82588e-05
570        0.000252522       1.0968e-05
571        0.000438135       5.26921e-05
572        0.000214011       7.03657e-06
573        0.000518646       4.28276e-05
574        0.000350811       2.4509e-05
575        0.000379103       1.68514e-05
576        0.000228945       2.35241e-05
577        0.00078506       0.000126645
578        0.000585995       1.29126e-05
579        0.00189636       0.000350426
580        0.000218727       1.35279e-05
581        0.0002366       1.03384e-05
582        0.000271742       1.08091e-05
583        0.000787643       0.000212905
584        0.000189778       1.06873e-05
585        0.000256314       2.80135e-05
586        0.00215214       0.000222786
587        0.000306609       6.03385e-05
588        0.00034047       1.43657e-05
589        0.00152722       0.000649818
590        0.000745414       0.000278662
591        0.000225181       1.44857e-05
592        0.000440687       4.79123e-05
593        0.00210014       0.000280689
594        0.000341594       2.52938e-05
595        0.000603487       2.95865e-05
596        0.00128232       0.000183147
597        0.000334323       2.5743e-05
598        0.00117164       0.000121607
599        0.00167888       0.000239656
600        0.000502608       4.95166e-05
601        0.00215329       0.000455131
602        0.000204325       1.15038e-05
603        0.00198581       0.000587712
604        0.00039937       1.48825e-05
605        0.000437871       9.64541e-05
606        0.000529076       3.99239e-05
607        0.00306261       0.000615836
608        0.000598867       9.26119e-05
609        0.000380159       2.50379e-05
610        0.00110085       0.000157001
611        0.00166338       0.000557853
612        0.000512447       3.90628e-05
613        0.000676976       0.000430615
614        0.00274533       0.000720527
615        0.000530647       6.21913e-05
616        0.00328584       0.00141379
617        0.000376957       6.04198e-05
618        0.000532365       0.000344178
619        0.000222546       7.65651e-05
620        0.000419521       3.1065e-05
621        0.00107296       8.47554e-05
622        0.00115268       0.000210541
623        0.00040072       3.19624e-05
624        0.00390327       0.0011751
625        0.000339603       1.02634e-05
626        0.000406372       1.85833e-05
627        0.000214594       1.59651e-05
628        0.00404296       0.000929062
629        0.000322533       5.61085e-05
630        0.000371871       8.34943e-06
631        0.000221418       6.804e-06
632        0.000304134       7.3632e-06
633        0.000483098       2.44288e-05
634        0.000229946       1.19229e-05
635        0.000319914       0.000108651
636        0.000278491       1.54802e-05
637        0.000500472       6.9815e-05
638        0.000398938       1.84389e-05
639        0.000413974       3.74215e-05
640        0.00035817       3.42962e-05
641        0.00816146       0.000913537
642        0.00026904       1.26609e-05
643        0.00205701       0.00126069
644        0.00424695       0.00196295
645        0.000184969       1.45524e-05
646        0.00256582       0.000325115
647        0.000539361       3.30357e-05
648        0.000864242       6.99942e-05
649        0.000589099       0.000414754
650        0.00056108       7.07605e-05
651        0.000428008       0.000156118
652        0.00027367       1.68414e-05
653        0.000181678       1.12234e-05
654        0.00151636       0.00025324
655        0.0010759       0.000483355
656        0.00037463       3.3763e-05
657        0.000526206       3.63724e-05
658        0.000377123       4.68514e-05
659        0.000192633       2.84389e-05
660        0.00138419       0.000147605
661        0.00395446       0.00384962
662        0.000388432       0.0001247
663        0.00120442       0.00027774
664        0.000522931       0.00010777
665        0.000417586       4.8769e-05
666        0.00445649       0.00156767
667        0.000227027       1.93172e-05
668        0.000580938       7.86329e-05
669        0.00103969       0.000400258
670        0.000398015       7.25187e-05
671        0.000601507       8.00886e-05
672        0.00052826       2.67817e-05
673        0.000863529       0.000253983
674        0.00247259       0.000444087
675        0.00053295       7.72629e-05
676        0.000369502       2.11468e-05
677        0.000351452       1.77002e-05
678        0.000267618       1.12387e-05
679        0.00146963       0.000507082
680        0.000313153       1.31545e-05
681        0.000497037       0.000126325
682        0.000419732       4.31064e-05
683        0.000926833       0.000226841
684        0.000362438       2.48749e-05
685        0.000205644       3.0109e-05
686        0.00153652       0.000310415
687        0.000413446       7.87108e-05
688        0.000484304       3.93183e-05
689        0.000473089       8.57056e-05
690        0.0055597       0.0034875
691        0.000708186       0.000107919
692        0.000355833       3.58004e-05
693        0.000705366       9.62804e-05
694        0.000936225       0.000154311
695        0.000706281       3.09445e-05
696        0.00209197       0.000222939
697        0.00123872       0.000197267
698        0.000656534       3.64286e-05
699        0.0137346       0.00146397
700        0.00140478       0.000384084
701        0.000315062       7.05417e-06
702        0.0016784       0.000349366
703        0.0012017       0.000200819
704        0.000919788       0.000124121
705        0.000800543       7.49162e-05
706        0.00126891       0.000155948
707        0.000333899       4.09305e-05
708        0.000682168       7.19671e-05
709        0.000314702       6.04916e-05
710        0.00124398       0.000357547
711        0.000362176       5.23844e-05
712        0.00130935       4.71659e-05
713        0.00134695       4.52942e-05
714        0.0136078       0.00203637
715        0.000329109       1.75518e-05
716        0.00032739       4.43699e-05
717        0.0092812       0.0025658
718        0.000321876       4.70507e-05
719        0.000789468       4.59815e-05
720        0.000727608       7.40437e-05
721        0.00140262       0.000280892
722        0.000782143       0.000110056
723        0.00106936       0.00071037
724        0.000264648       2.79821e-05
725        0.00110908       0.000286867
726        0.000879831       9.69079e-05
727        0.00147128       0.000483021
728        0.000339616       2.79746e-05
729        0.00030042       9.65803e-05
730        0.00189665       0.00116194
731        0.000336578       3.54686e-05
732        0.00038138       9.71158e-05
733        0.000304571       2.51972e-05
734        0.0011317       9.84555e-05
735        0.000352471       3.65553e-05
736        0.00073771       0.000133755
737        0.00144365       0.000623301
738        0.00403624       0.000718082
739        0.00124189       0.000376727
740        0.00403203       0.00130228
741        0.00606161       0.00671662
742        0.0102463       0.00283557
743        0.000314874       2.28563e-05
744        0.00085433       9.39349e-05
745        0.000698305       7.00001e-05
746        0.00159309       0.001727
747        0.000768514       3.06962e-05
748        0.000741019       9.45871e-05
749        0.00443045       0.00104895
750        0.00167523       0.000223115
751        0.000334316       3.52474e-05
752        0.00766708       0.00729836
753        0.00396193       0.00221658
754        0.0121703       0.00217014
755        0.000746403       7.6749e-05
756        0.00136582       6.46658e-05
757        0.00103061       0.000158967
758        0.000734719       0.000105266
759        0.00104053       5.8862e-05
760        0.000754399       4.03851e-05
761        0.00140473       0.000217185
762        0.00339411       0.000872722
763        0.000268465       4.9371e-05
764        0.0108741       0.00553246
765        0.000273176       2.49266e-05
766        0.0301964       0.004093
767        0.00224137       0.000185077
768        0.00148776       0.000490727
769        0.000729874       4.12647e-05
770        0.00294378       0.000188643
771        0.000324232       4.77971e-05
772        0.00293058       0.00501745
773        0.00202786       0.000372523
774        0.00110059       0.000539759
775        0.0814749       0.0235807
776        0.000553347       2.85106e-05
777        0.000364345       2.65169e-05
778        0.0283369       0.00637434
779        0.105605       0.0105995
780        0.00032305       4.49223e-05
781        0.114452       0.0406643
782        0.0673659       0.00669634
783        0.0575272       0.0276229
784        0.00208011       0.0028428
785        0.00385122       0.000804368
786        0.0041942       0.00101241
787        0.00462698       0.00106917
788        0.00155337       0.00019242
789        0.000415508       5.29761e-05
790        0.000952171       0.000157963
791        0.00106888       0.000641762
792        0.00149363       0.000194079
793        0.000529577       1.78559e-05
794        0.00463687       0.00139308
795        0.000856343       2.46972e-05
796        0.000331328       3.99424e-05
797        0.000315055       1.5028e-05
798        0.184456       0.0795424
799        0.00104366       0.000608755
800        0.000351808       3.08641e-05
801        0.0718537       0.025193
802        0.00354535       0.000174971
803        0.0045408       0.00173816
804        0.000548942       9.81707e-05
805        0.099115       0.012317
806        0.00116983       0.00047972
807        0.00178201       0.00272213
808        0.00309014       0.000168822
809        0.00451247       0.00180586
810        0.0268253       0.00387263
811        0.00409946       0.000456792
812        0.000408787       4.41087e-05
813        0.000627672       0.000245814
814        0.113241       0.0273778
815        0.00163658       0.000587552
816        0.00229126       0.000376394
817        0.000364086       8.12906e-06
818        0.000561952       2.9088e-05
819        0.00237603       0.000503828
820        8.95971e-05       6.25758e-06
821        9.44164e-05       7.44311e-06
822        0.000119232       2.80884e-06
823        0.0001775       1.33642e-05
824        0.000178603       7.00079e-06
825        0.000113571       1.15744e-05
826        0.000157391       5.64311e-06
827        0.000243028       6.51667e-06
828        0.000162176       3.1953e-06
829        9.7756e-05       9.22556e-06
830        0.000119487       3.55315e-06
831        0.000116952       4.94641e-06
832        0.000107693       1.0252e-05
833        0.000195883       1.24988e-05
834        8.78515e-05       3.74473e-06
835        8.77721e-05       1.91129e-06
836        0.000100975       7.70962e-06
837        0.000104193       1.06803e-05
838        0.000247632       1.16101e-05
839        0.000245423       1.14215e-05
840        9.14465e-05       3.38909e-06
841        0.000176825       5.81931e-06
842        0.000167406       5.48869e-06
843        9.35815e-05       5.67847e-06
844        9.76265e-05       3.38867e-06
845        0.00016244       7.72807e-06
846        0.000147539       4.29317e-06
847        0.000183137       6.8069e-06
848        0.000120142       5.76744e-06
849        0.000177493       3.83985e-06
850        8.66538e-05       2.88947e-06
851        0.00014891       2.6733e-06
852        9.84021e-05       5.71161e-06
853        9.33291e-05       8.40617e-06
854        0.000117253       3.69325e-06
855        0.000192409       3.71373e-06
856        0.000108784       8.65624e-06
857        9.23931e-05       4.51424e-06
858        0.000211223       1.27623e-06
859        0.000179859       3.93475e-06
860        0.000146616       2.22372e-06
861        0.000180463       7.44153e-06
862        7.09691e-05       1.76361e-06
863        0.000167269       1.5636e-05
864        0.000184137       1.24291e-05
865        0.000107262       4.18617e-06
866        0.000190332       2.54172e-06
867        0.000193043       5.26893e-06
868        8.78913e-05       4.10598e-06
869        9.74855e-05       4.13042e-06
870        0.000170708       7.90139e-06
871        0.000222127       8.45e-06
872        0.000192925       7.6648e-06
873        0.000245317       1.34648e-05
874        0.00015892       5.86943e-06
875        0.000180457       1.43397e-05
876        0.000133209       5.13456e-06
877        0.00044875       2.23203e-05
878        0.000250297       1.91109e-05
879        0.000156212       4.15815e-06
880        0.000118081       1.80991e-06
881        0.000226353       3.39017e-05
882        0.000220072       4.97697e-05
883        0.000238329       1.01041e-05
884        0.000286647       3.97883e-06
885        0.000179872       1.13932e-05
886        0.000230337       1.17741e-05
887        0.000175768       7.37122e-06
888        0.000191186       2.60332e-06
889        0.000190829       1.0419e-05
890        0.000177748       1.32248e-05
891        0.000217781       1.82266e-05
892        0.000244741       1.29025e-05
893        0.00021874       2.46684e-05
894        0.000307362       1.28013e-05
895        0.000168707       9.22806e-06
896        0.000142342       1.85361e-06
897        0.000240391       8.36714e-06
898        0.000215948       6.26696e-06
899        0.000140482       2.06026e-06
900        0.000248569       1.50271e-05
901        0.000240969       6.72587e-05
902        0.000149124       5.2667e-06
903        0.000214137       1.46433e-05
904        0.000201287       1.02376e-05
905        0.000239504       5.61842e-05
906        0.000179813       6.29113e-06
907        0.000184287       8.29904e-06
908        0.000236463       3.14417e-05
909        0.000213497       8.67715e-06
910        0.000170933       1.06941e-05
911        0.000172916       6.63062e-06
912        0.000173305       1.78597e-05
913        0.00018835       1.38155e-05
914        0.000149532       1.72179e-06
915        0.000239913       1.30246e-05
916        0.000240965       2.25399e-05
917        0.000220719       1.9665e-05
918        0.000190241       4.20863e-06
919        0.000485351       0.000120106
920        0.000173769       8.29394e-06
921        0.000319857       7.80852e-05
922        0.000739504       0.000387707
923        0.000273275       6.75731e-06
924        0.000281521       9.37851e-06
925        0.000533787       8.1241e-05
926        0.000171786       1.88182e-06
927        0.000979325       0.000181926
928        0.000210471       3.14696e-06
929        0.000196931       7.40869e-06
930        0.000325205       1.29928e-05
931        0.000342284       3.86003e-05
932        0.000327722       3.24889e-05
933        0.000303889       2.49984e-05
934        0.000355277       1.00089e-05
935        0.00022852       4.63074e-05
936        0.000145634       2.06408e-05
937        0.000225981       8.17641e-06
938        0.00022217       5.39181e-06
939        0.000499826       0.000104015
940        0.00033818       1.9539e-05
941        0.000224395       1.66109e-05
942        0.000168229       3.57999e-06
943        0.000139389       2.94823e-06
944        0.000882006       0.000188891
945        0.000847486       0.000125543
946        0.000226912       6.92056e-06
947        0.000324069       1.11337e-05
948        0.000225761       1.07186e-05
949        0.000889885       0.000149451
950        0.000210725       1.22047e-05
951        0.000206168       1.51019e-05
952        0.000687152       0.000300204
953        0.000185041       9.0209e-06
954        0.000167161       4.32732e-06
955        0.000211673       3.9601e-05
956        0.000477357       5.00925e-05
957        0.000225071       9.54209e-06
958        0.000171589       1.80536e-05
959        0.000326299       5.44457e-05
960        0.000919249       7.1678e-05
961        0.000205807       1.99721e-05
962        0.000206562       9.38204e-06
963        0.000700114       3.32465e-05
964        0.000221622       7.86023e-06
965        0.000287489       2.54627e-05
966        0.000278099       6.98007e-06
967        0.000224723       8.9731e-06
968        0.000169873       4.76583e-06
969        0.000293217       2.23126e-05
970        0.000969549       5.80189e-05
971        0.000988358       5.67431e-06
972        0.000888472       4.32005e-05
973        0.000947197       3.55053e-05
974        0.0013073       4.91807e-05
975        0.0011389       3.56514e-05
976        0.00140294       2.38886e-05
977        0.00111847       2.0245e-05
978        0.000780451       7.75779e-06
979        0.00116639       3.80277e-05
980        0.00117284       4.40265e-05
981        0.00118773       4.25206e-05
982        0.00114662       4.31791e-05
983        0.0013933       1.34029e-05
984        0.00106936       5.03749e-05
985        0.000914164       2.4829e-05
986        0.000837824       1.85094e-05
987        0.000999791       1.18318e-05
988        0.000923484       2.43762e-05
989        0.0010579       2.92763e-05
990        0.000946922       3.36545e-05
991        0.00128074       3.00489e-05
992        0.00106926       2.80084e-05
993        0.000810331       4.08654e-05
994        0.000964343       2.27066e-05
995        0.00112956       4.16952e-05
996        0.00119744       2.45903e-05
997        0.00100874       1.97545e-05
998        0.00081215       2.40545e-05
999        0.00103468       3.09699e-05
1000        0.00113333       4.00914e-05
1001        0.00104023       1.46622e-05
1002        0.000982287       4.44724e-05
1003        0.000892214       2.76075e-05
1004        0.00106177       4.54907e-05
1005        0.00111404       1.60056e-05
1006        0.00097083       3.39517e-05
1007        0.00113197       2.96212e-05
1008        0.00112298       6.97914e-05
1009        0.00136683       7.83069e-05
1010        0.000720636       1.7906e-05
1011        0.00143591       6.60959e-05
1012        0.000985666       2.62412e-05
1013        0.00118213       2.91474e-05
1014        0.00105041       2.51809e-05
1015        0.00100263       1.17215e-05
1016        0.000679644       2.52955e-05
1017        0.00130696       3.98859e-05
1018        0.000870066       3.89043e-05
1019        0.00121732       1.20503e-05
1020        0.000977642       2.68223e-05
1021        0.000952908       4.07946e-05
1022        0.00101687       3.66532e-05
1023        0.000945659       1.94463e-05
1024        0.00119301       4.81547e-05
1025        0.000864288       4.15559e-05
1026        0.00106432       4.33106e-05
1027        0.0012666       5.37169e-05
1028        0.00159433       3.60838e-05
1029        0.00114143       3.14272e-05
1030        0.00102138       4.36944e-05
1031        0.00102603       2.73096e-05
1032        0.000981665       1.92325e-05
1033        0.000976913       1.99282e-05
1034        0.000812599       4.14348e-05
1035        0.000887912       3.00988e-05
1036        0.0010453       4.51345e-05
1037        0.000911729       3.01166e-05
1038        0.000968378       2.32245e-05
1039        0.00102408       3.5532e-05
1040        0.00103159       9.08352e-06
1041        0.00102431       2.91952e-05
1042        0.00129176       8.01759e-05
1043        0.00117089       1.36271e-05
1044        0.00105619       1.95124e-05
1045        0.000921656       1.38877e-05
1046        0.00135024       6.18056e-05
1047        0.00100269       1.4804e-05
1048        0.00119589       5.9625e-05
1049        0.000784998       2.69928e-05
1050        0.00141476       6.0225e-05
1051        0.00135369       4.62044e-05
1052        0.00127647       3.91686e-05
1053        0.00121129       4.30716e-05
1054        0.00124467       1.42464e-05
1055        0.00115977       2.57035e-05
1056        0.00119185       9.98904e-05
1057        0.00137542       1.93524e-05
1058        0.00117774       4.97676e-05
1059        0.00137132       5.23863e-05
1060        0.00156411       9.82471e-05
1061        0.00146004       3.77262e-05
1062        0.00141229       4.45438e-05
1063        0.000977364       2.31211e-05
1064        0.00132295       6.69633e-05
1065        0.00151005       0.000110001
1066        0.00134464       5.67737e-05
1067        0.00102005       6.69421e-05
1068        0.00119755       4.06588e-05
1069        0.00120703       1.7034e-05
1070        0.00158525       9.29875e-05
1071        0.00118986       1.79227e-05
1072        0.00127399       5.53356e-05
1073        0.00109474       3.3093e-05
1074        0.00132364       7.96898e-05
1075        0.00140896       5.68515e-05
1076        0.00145257       2.28238e-05
1077        0.00127908       3.81284e-05
1078        0.00144462       3.84837e-05
1079        0.00135313       5.40777e-05
1080        0.00148999       6.47626e-05
1081        0.00147489       6.44218e-05
1082        0.00147284       6.21423e-05
1083        0.00113797       3.87629e-05
1084        0.00143855       4.14952e-05
1085        0.0013014       4.72323e-05
1086        0.0011872       3.50613e-05
1087        0.00113004       3.7043e-05
1088        0.0013543       4.0855e-05
1089        0.00144825       3.40539e-05
1090        0.000968384       3.83685e-05
1091        0.00113866       6.88764e-05
1092        0.000980082       6.38019e-05
1093        0.00141426       4.97753e-05
1094        0.00135798       4.2048e-05
1095        0.001421       5.51105e-05
1096        0.0011281       2.79968e-05
1097        0.00118084       5.91956e-05
1098        0.00143657       4.88664e-05
1099        0.00133316       3.41536e-05
1100        0.00131823       4.94455e-05
1101        0.00137343       4.20156e-05
1102        0.000978488       2.00178e-05
1103        0.00119725       9.0404e-06
1104        0.00194324       8.80254e-05
1105        0.00148098       8.88368e-05
1106        0.00173816       6.78548e-05
1107        0.00161996       5.52153e-05
1108        0.00159848       6.5329e-05
1109        0.00148056       6.48332e-05
1110        0.00139293       3.06544e-05
1111        0.00111986       4.66723e-05
1112        0.00120089       7.53482e-05
1113        0.0012949       5.50874e-05
1114        0.00160806       9.98257e-05
1115        0.00157782       4.99253e-05
1116        0.00164815       2.31834e-05
1117        0.00121196       1.71069e-05
1118        0.00144626       7.23753e-05
1119        0.00139415       4.10988e-05
1120        0.00128562       2.37816e-05
1121        0.0013042       4.00327e-05
1122        0.0015       6.81302e-05
1123        0.0012022       2.47952e-05
1124        0.00129105       3.56648e-05
1125        0.00138416       5.11113e-05
1126        0.001546       4.20802e-05
1127        0.00127197       6.77027e-05
1128        0.00137445       2.72229e-05
1129        0.00131596       6.27632e-05
1130        0.00115165       2.72198e-05
1131        0.00161925       0.000221771
1132        0.0014089       4.32983e-05
1133        0.00127701       5.85518e-05
1134        0.00125888       2.47179e-05
1135        0.00113204       3.72523e-05
1136        0.00125962       3.51412e-05
1137        0.00121571       2.38752e-05
1138        0.00143508       8.14325e-05
1139        0.00134409       8.75649e-05
1140        0.00164271       2.31324e-05
1141        0.00157871       8.1494e-05
1142        0.00123194       3.19778e-05
1143        0.00146502       0.0001417
1144        0.00120822       5.17854e-05
1145        0.00130196       3.93138e-05
1146        0.00154371       9.01906e-05
1147        0.0014111       4.25538e-05
1148        0.0012276       6.13728e-05
1149        0.00173925       7.11752e-05
1150        0.00116594       1.93111e-05
1151        0.00152187       7.99595e-05
1152        0.00155612       9.08874e-05
1153        0.00133237       2.52346e-05
1154        0.00159698       0.00010853
1155        0.00123953       4.04279e-05
1156        0.00118858       6.9471e-05
1157        0.00109126       5.15607e-05
1158        0.00126716       0.000121529
1159        0.00110898       5.31095e-05
1160        0.00121592       2.98359e-05
1161        0.00103828       3.11185e-05
1162        0.00101211       3.81992e-05
1163        0.00104712       5.2604e-05
1164        0.00157047       4.63329e-05
1165        0.0013726       6.31761e-05
1166        0.00127658       2.33558e-05
1167        0.00115422       5.59523e-05
1168        0.0010705       9.74436e-05
1169        0.00173956       7.80115e-05
1170        0.00118546       3.80615e-05
1171        0.00110524       3.51636e-05
1172        0.00158679       6.21714e-05
1173        0.00113841       6.16437e-05
1174        0.00198537       0.000166016
1175        0.00162938       5.35267e-05
1176        0.00163179       6.22702e-05
1177        0.00149757       5.60822e-05
1178        0.00173531       7.37518e-05
1179        0.00122135       3.10505e-05
1180        0.00178931       0.000283852
1181        0.000980152       5.37103e-05
1182        0.000985144       2.87611e-05
1183        0.00108783       6.00422e-05
1184        0.00168558       0.00016924
1185        0.00166317       0.00019418
1186        0.0014784       0.000136306
1187        0.00139226       9.03938e-05
1188        0.000932782       3.0705e-05
1189        0.00168611       0.00011513
1190        0.00108084       5.46421e-05
1191        0.00135974       2.83587e-05
1192        0.00162164       8.32274e-05
1193        0.000864962       6.24663e-05
1194        0.00123748       9.28361e-05
1195        0.00127395       3.2758e-05
1196        0.00148063       6.16673e-05
1197        0.000863512       5.72906e-05
1198        0.00115877       8.60096e-05
1199        0.00146371       0.000150148
1200        0.00126925       7.13936e-05
1201        0.00133072       9.40437e-05
1202        0.00180916       9.49013e-05
1203        0.00228742       0.000148671
1204        0.00106061       7.12038e-05
1205        0.00145592       0.000187726
1206        0.00179605       7.63099e-05
1207        0.00137408       7.30237e-05
1208        0.00108864       9.28991e-05
1209        0.00161415       0.00011984
1210        0.00135011       4.17984e-05
1211        0.00120348       0.000110737
1212        0.00161361       0.000101537
1213        0.00109929       4.03055e-05
1214        0.00105425       4.36693e-05
1215        0.00155612       9.73366e-05
1216        0.00115763       8.50028e-05
1217        0.00126716       5.62993e-05
1218        0.00158978       4.61522e-05
1219        0.00128997       3.88248e-05
1220        0.00135565       0.000105091
1221        0.00105401       9.94196e-05
1222        0.00141999       3.81287e-05
1223        0.00116219       0.00013519
1224        0.00142595       8.84688e-05
1225        0.000964132       0.00010526
1226        0.00156158       8.81951e-05
1227        0.0012248       5.30991e-05
1228        0.00143825       0.000110308
1229        0.00140087       7.763e-05
1230        0.000239633       6.51776e-06
1231        0.000314339       1.56341e-05
1232        0.000172183       6.99379e-06
1233        0.000292967       1.20107e-05
1234        0.000188556       1.20901e-05
1235        0.000191845       8.10758e-06
1236        0.000232782       6.17657e-06
1237        0.000213897       4.34836e-06
1238        0.000317044       2.15719e-05
1239        0.000153352       2.96656e-06
1240        0.00017342       6.27815e-06
1241        0.000207982       7.64963e-06
1242        0.000227524       1.38623e-05
1243        0.000264512       1.42624e-05
1244        0.00021481       1.99066e-06
1245        0.000203038       4.74472e-06
1246        0.000286917       8.7523e-06
1247        0.000308571       1.26039e-05
1248        0.000416134       1.29181e-05
1249        0.000259415       8.22715e-06
1250        0.000208287       3.34691e-06
1251        0.000209543       9.73269e-06
1252        0.00021157       1.38151e-05
1253        0.000182928       6.5722e-06
1254        0.000210538       6.58258e-06
1255        0.000264965       5.52872e-06
1256        0.000223272       1.01723e-05
1257        0.000217902       7.49833e-06
1258        0.000220996       8.09195e-06
1259        0.000183626       3.47797e-06
1260        0.000176609       6.41714e-06
1261        0.000226047       5.79788e-06
1262        0.000253737       1.95957e-05
1263        0.000281404       1.12473e-05
1264        0.000274144       5.99141e-06
1265        0.000230894       8.5631e-06
1266        0.000242633       5.79377e-06
1267        0.000261522       8.68798e-06
1268        0.000139289       4.25269e-06
1269        0.000242633       1.16889e-05
1270        0.000190752       3.47948e-06
1271        0.000229004       7.36065e-06
1272        0.000618508       2.81548e-05
1273        0.000164877       1.78595e-05
1274        0.000132596       2.36704e-06
1275        0.000300963       1.04561e-05
1276        0.000204014       8.8804e-06
1277        0.000233677       1.38716e-05
1278        0.000221991       7.42461e-06
1279        0.000243158       1.41831e-05
1280        0.000378439       1.53555e-05
1281        0.000480114       1.63796e-05
1282        0.00040234       6.38227e-06
1283        0.000328583       1.09675e-05
1284        0.000344665       1.79336e-05
1285        0.000335066       1.38946e-05
1286        0.000326515       1.18093e-05
1287        0.000438505       2.37933e-05
1288        0.00043572       7.46244e-06
1289        0.000345048       1.10369e-05
1290        0.000561686       8.55943e-06
1291        0.000287553       1.86046e-05
1292        0.000279054       6.2014e-06
1293        0.00042744       9.97994e-06
1294        0.000403878       1.39364e-05
1295        0.000474797       4.05024e-05
1296        0.000664461       4.28738e-05
1297        0.000494472       2.12604e-05
1298        0.000360491       9.29775e-06
1299        0.000467538       2.78256e-05
1300        0.000555764       1.97071e-05
1301        0.000470993       1.89213e-05
1302        0.000496687       1.46245e-05
1303        0.000426847       1.20518e-05
1304        0.00046563       5.29601e-06
1305        0.000514285       1.60033e-05
1306        0.000439704       1.77783e-05
1307        0.000293262       2.58898e-06
1308        0.000369983       1.30075e-05
1309        0.000273475       8.00337e-06
1310        0.000371981       8.94691e-06
1311        0.000428609       1.54049e-05
1312        0.000335547       1.90098e-05
1313        0.000370217       4.78694e-06
1314        0.000412439       1.27248e-05
1315        0.000384355       1.18799e-05
1316        0.000423767       7.58077e-06
1317        0.000487166       3.61579e-05
1318        0.000442043       2.74292e-05
1319        0.00044731       7.43025e-06
1320        0.000366188       1.58982e-05
1321        0.000411865       2.04236e-05
1322        0.000457501       1.74194e-05
1323        0.000406841       1.92951e-05
1324        0.000286203       1.06241e-05
1325        0.000407313       1.48292e-05
1326        0.000414355       7.94033e-06
1327        0.00026209       1.00652e-05
1328        0.000495405       1.97987e-05
1329        0.000520792       1.78841e-05
1330        0.000573708       7.05147e-06
1331        0.000671019       3.16721e-05
1332        0.000555177       1.29635e-05
1333        0.000878853       2.77199e-05
1334        0.000679957       1.61033e-05
1335        0.000702172       2.405e-05
1336        0.000587837       2.20581e-06
1337        0.000518968       1.77733e-05
1338        0.000672211       2.24723e-05
1339        0.000695206       3.76872e-05
1340        0.000708321       4.95062e-05
1341        0.000533303       2.35499e-05
1342        0.000679599       2.41224e-05
1343        0.000873197       2.0094e-05
1344        0.000972378       3.08318e-05
1345        0.000783898       2.14668e-05
1346        0.000755391       2.681e-05
1347        0.000641676       2.98306e-05
1348        0.00053267       2.03052e-05
1349        0.000712979       3.64286e-05
1350        0.000748147       3.06826e-05
1351        0.000613471       4.87883e-06
1352        0.000705254       3.60472e-05
1353        0.000797313       2.20705e-05
1354        0.000699037       2.35191e-05
1355        0.000643927       1.0651e-05
1356        0.000671068       2.12947e-05
1357        0.000725357       2.67892e-05
1358        0.00062862       2.93643e-05
1359        0.000714979       1.83338e-05
1360        0.000950414       3.63512e-05
1361        0.000733725       1.4649e-05
1362        0.000587526       2.60255e-05
1363        0.000592675       9.81677e-06
1364        0.000846133       3.13784e-05
1365        0.000546052       9.20275e-06
1366        0.000818397       2.1042e-05
1367        0.000736544       1.24977e-05
1368        0.00066013       1.26109e-05
1369        0.000668586       1.79644e-05
1370        0.000646931       1.74304e-05
1371        0.000668577       7.9722e-06
1372        0.000699244       9.99555e-06
1373        0.000670595       6.71088e-06
1374        0.000949669       2.60496e-05
1375        0.000656811       2.36365e-05
1376        0.000916998       2.40331e-05
1377        0.000761827       1.23682e-05
1378        0.000742926       2.03983e-05
1379        0.000819424       2.42041e-05
1380        0.000699329       4.10905e-05
1381        0.000760264       1.75094e-05
1382        0.000608451       1.10431e-05
1383        0.000814706       3.34682e-05
1384        0.000932731       1.88653e-05
1385        0.00104161       2.47614e-05
1386        0.00074244       1.5008e-05
1387        0.000717378       2.11026e-05
1388        0.000743632       2.0866e-05
1389        0.000717771       5.68132e-05
1390        0.00109114       6.79532e-05
1391        0.000845553       3.14944e-05
1392        0.0006929       2.02253e-05
1393        0.000777727       2.31702e-05
1394        0.000872598       1.466e-05
1395        0.000830111       1.72802e-05
1396        0.000659976       2.4549e-05
1397        0.000688882       1.80109e-05
1398        0.000727663       2.35218e-05
1399        0.000808368       4.20356e-06
1400        0.00091884       3.60605e-05
1401        0.000906445       4.47888e-05
1402        0.000847501       2.00058e-05
1403        0.000628687       2.66274e-05
1404        0.00100777       8.91304e-05
1405        0.000707688       1.52897e-05
1406        0.000899503       3.79737e-05
1407        0.000633016       2.69904e-05
1408        0.000838284       2.41869e-05
1409        0.000920488       2.10289e-05
1410        0.000890625       1.74358e-05
1411        0.00116108       4.43837e-05
1412        0.000735662       2.71166e-05
1413        0.00103702       2.3569e-05
1414        0.000695708       1.7861e-05
1415        0.00135614       3.34771e-05
1416        0.000856634       1.70041e-05
1417        0.00090104       6.05994e-06
1418        0.000656766       3.47231e-05
1419        0.000693109       2.24861e-05
1420        0.000956029       7.52227e-06
1421        0.000860153       5.09944e-05
1422        0.0010592       9.88152e-06
1423        0.000546613       2.28963e-05
1424        0.000755085       7.46101e-06
1425        0.00102393       4.02198e-05
1426        0.000526869       8.164e-05
1427        0.000894684       1.39959e-05
1428        0.00107698       4.62859e-05
1429        0.00089168       1.81702e-05
1430        0.00141685       0.000103277
1431        0.000952396       2.26629e-05
1432        0.00100839       6.04364e-05
1433        0.00110278       2.71669e-05
1434        0.00114893       6.14885e-05
1435        0.000628534       1.49411e-05
1436        0.000771254       4.08607e-06
1437        0.00076319       3.68009e-05
1438        0.000816369       3.04298e-05
1439        0.000925778       2.82909e-05
1440        0.000489017       1.34451e-05
1441        0.000886848       3.42225e-05
1442        0.000605801       1.74312e-05
1443        0.000438078       9.0387e-06
1444        0.00133636       0.000283318
1445        0.000832898       2.95073e-05
1446        0.000915673       4.15669e-05
1447        0.000737691       3.31389e-05
1448        0.00067089       2.73284e-05
1449        0.000695016       2.09012e-05
1450        0.00103859       3.08437e-05
1451        0.000812283       2.40601e-05
1452        0.000810242       3.67152e-05
1453        0.00104839       4.67774e-05
1454        0.00083371       1.32223e-05
1455        0.0006082       4.05252e-05
1456        0.000883241       2.81559e-05
1457        0.000800211       1.07978e-05
1458        0.000849372       2.93444e-05
1459        0.000712249       1.15345e-05
1460        0.00127272       1.37056e-05
1461        0.00119416       8.01651e-05
1462        0.00230737       0.000274379
1463        0.000984229       6.24383e-05
1464        0.000781046       3.02274e-05
1465        0.00121127       9.75716e-05
1466        0.000809999       1.15173e-05
1467        0.00101302       3.0864e-05
1468        0.00104625       7.82433e-05
1469        0.000934129       2.31517e-05
1470        0.00106171       4.16001e-05
1471        0.00125528       0.000111208
1472        0.000991503       2.52126e-05
1473        0.00118895       3.36391e-05
1474        0.000870187       3.6723e-05
1475        0.00107683       7.0541e-05
1476        0.000866875       3.40574e-05
1477        0.000821817       1.86816e-05
1478        0.000998036       4.22668e-05
1479        0.00118546       3.80729e-05
1480        0.00109687       7.22446e-05
1481        0.000831103       9.27013e-05
1482        0.000879034       2.33055e-05
1483        0.000882841       2.91679e-05
1484        0.00118312       2.63288e-05
1485        0.000841329       2.42079e-05
1486        0.000561399       6.71256e-05
1487        0.00140394       0.000105485
1488        0.00136244       3.52051e-05
1489        0.00116019       3.39437e-05
1490        0.00101321       4.71961e-05
1491        0.000816072       3.11905e-05
1492        0.00119554       5.95838e-05
1493        0.00094695       8.37813e-05
1494        0.00112641       4.80038e-05
1495        0.00102912       4.10323e-05
1496        0.000860984       3.61565e-05
1497        0.00104375       3.73825e-05
1498        0.00110016       2.57782e-05
1499        0.000967848       3.57283e-05
1500        0.00103425       2.81045e-05
1501        0.00112308       6.71639e-05
1502        0.00198885       0.000132591
1503        0.00142732       5.15853e-05
1504        0.000964244       5.06721e-05
1505        0.000802988       2.17798e-05
1506        0.00126808       6.9253e-05
1507        0.00102476       3.4572e-05
1508        0.00102731       2.66662e-05
1509        0.000969657       2.94088e-05
1510        0.0012253       8.62786e-05
1511        0.00180131       0.000201474
1512        0.00119251       2.09782e-05
1513        0.00100148       6.49566e-05
1514        0.00123982       4.76455e-05
1515        0.00228113       0.000310505
1516        0.00115072       1.45058e-05
1517        0.000915651       3.28594e-05
1518        0.00112261       4.54377e-05
1519        0.000823085       2.90302e-05
1520        0.000918693       6.18342e-05
1521        0.00118989       6.45368e-05
1522        0.00165473       0.000315626
1523        0.00112678       9.29432e-05
1524        0.00122295       4.62512e-05
1525        0.00165887       7.94165e-05
1526        0.0012033       3.6828e-05
1527        0.00238605       0.000155585
1528        0.00116822       5.63781e-05
1529        0.00214684       0.00049825
1530        0.00134764       5.59419e-05
1531        0.00169954       4.33949e-05
1532        0.00142792       3.57631e-05
1533        0.00068589       0.000105418
1534        0.00104425       0.000113431
1535        0.00148564       2.31402e-05
1536        0.00123907       6.04405e-05
1537        0.000740948       1.7299e-05
1538        0.00120853       4.70694e-05
1539        0.00130619       0.000119714
1540        0.00118583       2.39469e-05
1541        0.00139039       5.71456e-05
1542        0.00110874       8.24163e-05
1543        0.00124584       3.10889e-05
1544        0.00137691       4.34426e-05
1545        0.0009181       5.78834e-05
1546        0.0014366       7.30511e-05
1547        0.00084371       1.46024e-05
1548        0.00169562       8.35668e-05
1549        0.00112887       0.000113506
1550        0.00124164       2.34347e-05
1551        0.00141891       4.46897e-05
1552        0.00146259       0.000108462
1553        0.000916318       5.29308e-05
1554        0.000889767       4.07264e-05
1555        0.00154862       4.6063e-05
1556        0.000924265       5.39608e-05
1557        0.00143318       0.000100049
1558        0.00110189       5.49406e-05
1559        0.00150968       9.00077e-05
1560        0.00141832       0.000102038
1561        0.001984       3.02919e-05
1562        0.00135741       5.45684e-05
1563        0.00104034       2.32063e-05
1564        0.00105898       8.96936e-05
1565        0.00127334       0.000115911
1566        0.00106138       3.72352e-05
1567        0.00129417       6.98741e-05
1568        0.00092525       7.31166e-05
1569        0.000836409       5.67719e-05
1570        0.00125221       7.62457e-05
1571        0.00145323       0.000233944
1572        0.000925164       4.22564e-05
1573        0.00110282       3.90262e-05
1574        0.00138195       9.25403e-05
1575        0.00114838       3.96121e-05
1576        0.00119545       3.25425e-05
1577        0.00139609       5.26352e-05
1578        0.000998757       4.85724e-05
1579        0.00121032       3.41613e-05
1580        0.00111463       8.0828e-05
1581        0.0011353       7.24925e-05
1582        0.000892209       5.07705e-05
1583        0.00172604       5.55132e-05
1584        0.00120452       5.0501e-05
1585        0.00142137       2.78106e-05
1586        0.00119222       9.13073e-05
1587        0.0015513       0.000143144
1588        0.00133634       4.33599e-05
1589        0.00104029       1.75814e-05
1590        0.00198822       3.56569e-05
1591        0.00486015       0.000435877
1592        0.00239124       5.50924e-05
1593        0.00178738       0.000124375
1594        0.00162957       6.6867e-05
1595        0.00135522       7.27671e-05
1596        0.0014634       8.92339e-05
1597        0.00140269       0.000114974
1598        0.00182355       0.000289661
1599        0.000753695       9.67592e-05
1600        0.000816295       0.000131358
1601        0.00158182       0.000363228
1602        0.00126808       0.00012078
1603        0.00121624       0.000109322
1604        0.00163379       7.62213e-05
1605        0.00102035       8.05246e-05
1606        0.00209321       0.000120049
1607        0.000966033       0.0001157
1608        0.00119619       4.89365e-05
1609        0.00132902       4.20619e-05
1610        0.0058108       0.000609951
1611        0.00108198       4.30905e-05
1612        0.0011484       9.46137e-05
1613        0.00123549       4.52446e-05
1614        0.0018488       0.000382441
1615        0.00168827       0.000116472
1616        0.00115692       8.66802e-05
1617        0.00303719       0.000481841
1618        0.00133538       4.30855e-05
1619        0.00169786       0.000140409
1620        0.00176479       0.00016622
1621        0.00237794       0.000125923
1622        0.00116367       6.7973e-05
1623        0.00138994       3.85222e-05
1624        0.00138021       4.07658e-05
1625        0.0024354       0.000446774
1626        0.00123285       7.78608e-05
1627        0.00134141       3.13098e-05
1628        0.00123394       5.61065e-05
1629        0.00108392       4.89711e-05
1630        0.00130559       5.85615e-05
1631        0.00166985       8.71665e-05
1632        0.00357516       0.000300892
1633        0.00156444       0.000120441
1634        0.00130646       6.80267e-05
1635        0.00194607       0.00024439
1636        0.0011721       6.50215e-05
1637        0.00248002       0.000121993
1638        0.00161325       6.56823e-05
1639        0.00139456       6.83417e-05
1640        7.50621e-05       4.67312e-06
1641        7.40897e-05       1.06159e-06
1642        6.37024e-05       8.02286e-07
1643        6.25396e-05       4.57715e-07
1644        0.000105637       2.59531e-06
1645        7.33748e-05       3.0107e-06
1646        6.38787e-05       2.65801e-06
1647        0.000117021       6.89366e-06
1648        7.33889e-05       4.62153e-06
1649        8.51898e-05       1.85277e-06
1650        9.88116e-05       2.25975e-06
1651        9.15671e-05       3.03335e-06
1652        7.45651e-05       9.41806e-07
1653        6.63449e-05       9.86046e-07
1654        7.18289e-05       1.38145e-06
1655        7.2138e-05       2.06381e-06
1656        7.74382e-05       2.05034e-06
1657        6.46378e-05       6.17999e-07
1658        8.00494e-05       1.71358e-06
1659        0.00012169       5.86604e-06
1660        0.000126661       1.68442e-05
1661        8.29543e-05       2.87193e-06
1662        7.44672e-05       2.55721e-06
1663        7.7682e-05       1.24644e-06
1664        7.38998e-05       1.56118e-06
1665        8.45113e-05       1.4835e-05
1666        7.67467e-05       2.40916e-06
1667        8.06765e-05       1.40229e-06
1668        0.00013226       5.23233e-06
1669        7.57699e-05       3.55406e-06
1670        9.69569e-05       2.82613e-06
1671        7.99951e-05       1.09641e-06
1672        8.75554e-05       5.37717e-06
1673        7.70541e-05       2.71932e-06
1674        8.7638e-05       3.60793e-06
1675        9.29545e-05       5.17879e-06
1676        0.000108684       4.71759e-06
1677        9.38993e-05       2.32025e-06
1678        9.27243e-05       2.04988e-06
1679        8.85989e-05       4.73086e-06
1680        7.28275e-05       1.14365e-06
1681        7.67108e-05       1.41076e-06
1682        6.12111e-05       9.96214e-07
1683        8.67116e-05       2.94383e-06
1684        9.21849e-05       1.70119e-06
1685        7.11754e-05       8.31327e-07
1686        0.000116334       3.38773e-06
1687        7.90663e-05       4.63469e-06
1688        8.43299e-05       2.87421e-06
1689        0.000126263       1.49358e-05
1690        0.000232799       8.82086e-06
1691        0.000247625       1.44526e-05
1692        0.000210188       6.09004e-06
1693        0.000237656       1.53496e-05
1694        0.000191433       3.72282e-06
1695        0.000366219       3.74132e-05
1696        0.000248455       3.76362e-06
1697        0.000258429       2.17381e-06
1698        0.00031451       1.63956e-05
1699        0.000221758       1.33634e-05
1700        0.000199559       1.16995e-05
1701        0.000233111       1.26295e-05
1702        0.000161153       1.98917e-06
1703        0.000155211       4.34908e-06
1704        0.000195789       9.70014e-06
1705        0.000157992       1.18062e-05
1706        0.000235239       9.00442e-06
1707        0.000216148       1.45194e-05
1708        0.000238108       1.15622e-05
1709        0.000265983       2.03396e-05
1710        0.000269928       1.50929e-05
1711        0.000284492       1.06486e-05
1712        0.000169505       6.08356e-06
1713        0.000105728       2.33745e-06
1714        0.000205469       6.55329e-06
1715        0.000220644       3.36251e-06
1716        0.000187271       6.23268e-06
1717        0.000163972       1.63645e-05
1718        0.000197063       8.98172e-06
1719        0.000203428       3.67637e-06
1720        0.000216605       1.26663e-05
1721        0.00024587       8.10459e-06
1722        0.000275377       1.16111e-05
1723        0.000198884       9.95469e-06
1724        0.0002709       1.23355e-05
1725        0.000165487       9.07074e-06
1726        0.000177054       1.21676e-05
1727        0.00036535       6.44912e-06
1728        0.000236514       6.72989e-06
1729        0.000198244       2.30336e-06
1730        0.000150154       1.05837e-05
1731        0.000173191       4.08846e-06
1732        0.000204253       1.07473e-05
1733        0.000344072       3.92235e-05
1734        0.000251317       7.34116e-06
1735        0.000170725       1.2369e-05
1736        0.000181983       2.5891e-06
1737        0.000225624       8.65185e-06
1738        0.000226932       7.85872e-06
1739        0.000210739       1.76236e-05
1740        0.000364935       9.31698e-06
1741        0.00045026       1.08977e-05
1742        0.000416894       1.63408e-05
1743        0.000202292       1.83257e-05
1744        0.000359247       3.72185e-06
1745        0.000385038       2.89877e-05
1746        0.000561085       1.63329e-05
1747        0.000428981       1.0373e-05
1748        0.000443983       1.68984e-05
1749        0.000491589       2.81373e-05
1750        0.000559992       1.08861e-05
1751        0.00046337       9.8945e-06
1752        0.000268913       9.79019e-06
1753        0.000389682       9.5519e-06
1754        0.000447392       5.28567e-06
1755        0.000511295       9.71705e-06
1756        0.000308538       8.95529e-06
1757        0.00044046       2.04999e-05
1758        0.000334053       9.95209e-06
1759        0.000367767       8.8608e-06
1760        0.000394331       4.02123e-05
1761        0.000500104       5.43795e-05
1762        0.000509779       1.25301e-05
1763        0.0004252       9.91974e-06
1764        0.000659595       4.00949e-05
1765        0.000346497       1.62867e-05
1766        0.000340422       1.00686e-05
1767        0.000329012       6.92367e-06
1768        0.000370007       7.73905e-06
1769        0.0003612       1.3698e-05
1770        0.000301565       8.31416e-06
1771        0.000442101       1.54017e-05
1772        0.000374439       1.99217e-05
1773        0.00042004       2.93839e-05
1774        0.000356857       4.70072e-06
1775        0.000411616       8.70115e-06
1776        0.000475311       1.09399e-05
1777        0.000390334       2.05136e-05
1778        0.000426247       9.26037e-06
1779        0.000309373       1.21141e-05
1780        0.000358832       1.13017e-05
1781        0.000560166       2.40305e-05
1782        0.000428931       1.74833e-05
1783        0.000432291       1.0159e-05
1784        0.000439871       1.11263e-05
1785        0.00050919       1.62324e-05
1786        0.000299742       1.35684e-05
1787        0.000595001       1.84601e-05
1788        0.000498675       4.92036e-05
1789        0.000344631       1.9695e-05
1790        0.000658517       2.10054e-05
1791        0.000830594       4.85336e-05
1792        0.000685013       1.88707e-05
1793        0.000596911       7.85125e-07
1794        0.000815676       3.07057e-05
1795        0.000593195       1.03816e-05
1796        0.000864802       2.74011e-05
1797        0.0004326       1.85256e-05
1798        0.00076083       1.5914e-05
1799        0.00076619       2.11111e-05
1800        0.000712226       1.85942e-05
1801        0.000673531       1.97982e-05
1802        0.000559855       1.0491e-05
1803        0.000623116       3.07364e-05
1804        0.000683666       3.66469e-05
1805        0.000562238       1.03052e-05
1806        0.000526904       1.5281e-05
1807        0.000707947       3.99556e-05
1808        0.000681964       1.52948e-05
1809        0.000434554       1.5272e-05
1810        0.000620811       1.44419e-05
1811        0.000518194       2.20962e-05
1812        0.000744917       3.74533e-05
1813        0.000576904       2.2406e-05
1814        0.000599048       5.94313e-06
1815        0.000591538       2.42462e-05
1816        0.000652827       3.39404e-05
1817        0.000570424       2.50493e-05
1818        0.000211317       2.52522e-05
1819        0.000715497       4.13346e-05
1820        0.000636114       2.04727e-05
1821        0.000488305       2.36986e-05
1822        0.000691376       1.48544e-05
1823        0.000494755       1.41815e-05
1824        0.000461427       1.43433e-05
1825        0.000659748       3.18647e-05
1826        0.000608524       3.34934e-05
1827        0.000634796       2.66121e-05
1828        0.000760257       5.22669e-05
1829        0.000483504       1.01673e-05
1830        0.000611025       2.14533e-05
1831        0.000523442       1.27073e-05
1832        0.000587994       9.75805e-05
1833        0.000405467       7.95884e-06
1834        0.000629591       2.5129e-05
1835        0.000649503       1.93486e-05
1836        0.000689392       3.14003e-05
1837        0.000650207       2.08345e-05
1838        0.000591716       1.05015e-05
1839        0.000699775       3.34109e-06
