#str         Henry coeff (mol/kg/Pa)          error (mol/kg/Pa)   
0        0.000172468       8.64382e-06
1        0.000142479       5.43764e-06
2        0.000133454       1.99348e-05
3        0.000183192       9.38906e-06
4        0.000136181       5.87826e-06
5        0.000143214       5.02154e-06
6        0.000169305       4.44029e-06
7        0.000131915       3.6086e-06
8        0.000155311       7.87004e-06
9        0.000118       5.33679e-06
10        0.000168634       5.00021e-06
11        0.000159543       1.504e-06
12        0.00017317       1.20446e-05
13        0.00016804       1.24332e-05
14        0.000153559       7.69594e-06
15        0.000162075       7.3404e-06
16        0.000121404       6.02855e-06
17        0.000182208       2.93289e-05
18        0.000166534       9.61968e-06
19        0.000138003       1.47987e-05
20        0.000172165       8.49508e-06
21        0.000149313       1.99264e-05
22        0.000155313       3.27154e-06
23        0.000172132       4.74905e-06
24        0.00012859       5.59555e-06
25        0.000160653       4.97758e-06
26        0.000126966       8.96103e-06
27        0.000123353       2.74454e-06
28        0.00013607       2.21926e-06
29        0.000168986       1.34246e-05
30        0.000198327       5.91019e-06
31        0.000253343       8.71576e-06
32        0.000211449       3.90538e-06
33        0.00024955       1.00456e-05
34        0.000210714       2.0846e-06
35        0.000173088       1.32285e-05
36        0.000142017       4.68452e-06
37        0.00017391       1.95215e-06
38        0.000214562       1.27353e-05
39        0.000179154       1.56504e-05
40        0.000209277       1.60995e-05
41        0.000264626       1.14096e-05
42        0.0001839       7.42649e-06
43        0.000218199       1.3968e-05
44        0.00015955       1.21677e-05
45        0.000168657       1.47322e-05
46        0.000173103       1.06177e-05
47        0.000132434       2.75007e-06
48        0.000147089       1.91911e-05
49        0.000183297       5.40875e-06
50        0.0002608       1.39996e-05
51        0.000187033       3.70854e-06
52        0.000256039       1.85681e-05
53        0.00019692       7.12296e-06
54        0.000227124       4.4321e-06
55        0.000160136       4.52956e-06
56        0.000166882       1.78027e-05
57        0.000193362       1.75669e-05
58        0.000193627       1.99046e-05
59        0.000204208       6.51133e-06
60        0.000233602       1.30066e-05
61        0.000304762       1.28184e-05
62        0.000199918       1.12088e-05
63        0.000260724       9.09415e-06
64        0.000220319       8.32135e-06
65        0.000184459       1.09169e-05
66        0.000332357       7.90522e-06
67        0.000242325       1.02281e-05
68        0.000297926       2.23066e-05
69        0.000248033       1.18016e-05
70        0.000296873       9.74546e-06
71        0.000193741       5.67664e-06
72        0.000405623       1.6206e-05
73        0.000226649       8.36371e-06
74        0.000226859       1.31952e-05
75        0.000209305       7.7883e-06
76        0.0002071       6.95305e-06
77        0.000252377       1.62776e-05
78        0.000321076       1.26665e-05
79        0.000276428       7.98313e-06
80        0.000228674       3.92033e-06
81        0.000243047       6.0338e-06
82        0.00022268       3.09682e-06
83        0.000224909       9.4911e-06
84        0.000272713       4.49381e-06
85        0.000167661       3.79039e-06
86        0.000187199       8.60718e-06
87        0.000228267       5.36944e-06
88        0.000202835       2.21779e-05
89        0.000220172       1.37446e-05
90        4.00959e-05       4.20021e-07
91        3.49595e-05       7.2548e-07
92        3.6534e-05       2.87556e-07
93        3.26477e-05       2.70909e-07
94        3.88991e-05       6.12273e-07
95        3.96297e-05       7.73732e-07
96        3.57484e-05       5.70221e-07
97        3.64739e-05       5.1561e-07
98        3.70841e-05       3.0154e-07
99        3.32246e-05       5.94394e-07
100        3.85686e-05       8.43451e-07
101        3.12803e-05       6.2762e-07
102        3.53008e-05       1.07818e-06
103        3.43502e-05       6.48013e-07
104        3.68058e-05       2.61657e-07
105        3.96016e-05       8.62046e-07
106        3.52077e-05       1.85489e-07
107        3.64547e-05       6.40008e-07
108        3.9754e-05       4.96479e-07
109        3.26334e-05       3.52689e-07
110        3.27383e-05       5.40794e-07
111        3.32758e-05       2.6066e-07
112        3.86406e-05       7.42964e-07
113        4.02571e-05       3.15034e-07
114        3.61925e-05       4.65508e-07
115        3.73764e-05       3.81891e-07
116        3.54573e-05       4.36076e-07
117        3.43064e-05       8.87518e-07
118        3.2825e-05       2.31489e-07
119        3.42727e-05       6.3776e-07
120        4.98239e-05       1.25104e-06
121        4.30734e-05       1.51903e-06
122        4.95505e-05       1.11144e-06
123        5.78618e-05       3.22657e-06
124        4.91908e-05       8.44015e-07
125        4.15653e-05       1.57079e-06
126        5.03289e-05       1.39494e-06
127        5.00353e-05       8.372e-07
128        4.89805e-05       1.01639e-06
129        4.38459e-05       2.64486e-06
130        4.60694e-05       3.70583e-07
131        4.48254e-05       1.35757e-06
132        4.76381e-05       1.09415e-06
133        4.62809e-05       1.07392e-06
134        4.46082e-05       9.80051e-07
135        5.47592e-05       1.41782e-06
136        4.76488e-05       1.36674e-06
137        5.51045e-05       1.28508e-06
138        4.47871e-05       9.12566e-07
139        4.46555e-05       6.16611e-07
140        5.05968e-05       4.46153e-06
141        5.0671e-05       1.02984e-06
142        4.22311e-05       1.41876e-06
143        3.91763e-05       1.67981e-06
144        5.12375e-05       1.18092e-06
145        4.56944e-05       5.78566e-07
146        5.1095e-05       2.85222e-06
147        4.71708e-05       3.30575e-06
148        4.68375e-05       1.0362e-06
149        4.55847e-05       1.84691e-06
150        5.89977e-05       2.19917e-06
151        7.17243e-05       1.18637e-06
152        6.32948e-05       3.03236e-06
153        7.05822e-05       1.35464e-06
154        4.60304e-05       8.27352e-07
155        6.50449e-05       3.17037e-06
156        7.2414e-05       3.3558e-06
157        5.45093e-05       3.10284e-06
158        6.13978e-05       3.75475e-06
159        6.22386e-05       3.97222e-06
160        6.20609e-05       2.80093e-06
161        6.33649e-05       4.4555e-06
162        5.24474e-05       2.72224e-06
163        6.37433e-05       4.33524e-06
164        6.55549e-05       7.83231e-07
165        6.22027e-05       1.46795e-06
166        6.30753e-05       4.33828e-06
167        6.15352e-05       4.91875e-06
168        6.21907e-05       2.22172e-06
169        6.36765e-05       4.07e-06
170        5.92034e-05       3.6474e-06
171        6.31484e-05       2.94014e-06
172        5.32534e-05       3.99086e-06
173        4.4113e-05       8.95754e-07
174        5.11412e-05       8.85906e-07
175        6.55228e-05       1.05867e-06
176        5.9123e-05       6.54816e-07
177        5.73774e-05       2.16544e-06
178        7.0098e-05       3.10486e-06
179        7.15054e-05       1.24241e-06
180        7.73532e-05       3.86676e-06
181        6.28257e-05       2.74913e-06
182        6.86656e-05       2.09557e-06
183        7.29629e-05       2.42399e-06
184        7.92138e-05       6.29741e-06
185        7.20088e-05       3.20868e-06
186        6.64376e-05       6.13954e-07
187        8.6717e-05       1.1005e-06
188        7.27511e-05       3.1743e-06
189        7.42699e-05       2.28433e-06
190        8.36463e-05       1.62446e-06
191        7.51241e-05       3.34764e-06
192        7.70389e-05       1.89886e-06
193        6.96787e-05       2.59053e-06
194        7.37112e-05       3.64574e-06
195        7.77068e-05       1.54105e-06
196        7.94686e-05       2.36608e-06
197        5.51766e-05       3.19165e-06
198        8.32294e-05       2.94423e-06
199        6.83192e-05       6.06515e-07
200        7.89423e-05       1.61336e-06
201        7.76306e-05       3.31129e-06
202        7.74804e-05       1.36078e-06
203        7.87539e-05       2.14272e-06
204        6.8656e-05       2.73703e-06
205        6.57918e-05       2.03204e-06
206        7.31199e-05       2.87901e-06
207        7.02799e-05       2.92451e-06
208        9.39777e-05       2.55652e-06
209        8.45836e-05       2.39803e-06
210        0.000133187       8.20714e-06
211        7.6892e-05       1.95834e-06
212        0.000100117       4.34761e-06
213        8.98032e-05       4.78872e-06
214        9.63676e-05       9.67463e-07
215        7.07402e-05       4.60402e-06
216        9.94248e-05       3.03975e-06
217        8.00428e-05       1.28649e-06
218        0.000108792       5.67313e-06
219        6.74964e-05       1.34894e-06
220        0.00010445       5.61447e-07
221        0.000115211       2.91196e-06
222        0.000107037       2.86714e-06
223        0.000105177       4.80305e-06
224        8.95863e-05       4.35852e-06
225        9.07685e-05       2.86139e-06
226        9.43266e-05       3.8698e-06
227        8.85394e-05       6.38097e-06
228        8.62993e-05       1.97527e-06
229        0.00010045       8.39539e-06
230        9.14655e-05       2.53684e-06
231        7.94242e-05       1.95233e-06
232        0.000109801       2.59714e-06
233        0.000110053       3.13167e-06
234        7.86715e-05       1.80403e-06
235        9.55964e-05       3.52909e-06
236        0.000107891       2.92437e-06
237        7.40755e-05       2.84986e-06
238        7.88979e-05       3.81715e-06
239        0.000102673       1.28243e-05
240        9.96497e-05       1.79264e-06
241        0.00013684       3.12101e-06
242        0.000121414       4.12035e-06
243        0.000154735       7.08355e-06
244        0.000107266       2.9589e-06
245        0.000131512       1.24378e-05
246        0.000106634       5.29973e-06
247        0.00011139       5.99617e-06
248        0.000123121       2.76822e-06
249        0.000134601       1.82211e-06
250        7.76323e-05       5.73349e-06
251        0.000112487       7.7248e-06
252        0.000128675       6.86214e-06
253        9.60335e-05       4.24777e-06
254        0.000160453       6.67864e-06
255        0.00010134       5.66853e-06
256        0.000148842       1.40645e-05
257        0.000123477       4.78913e-06
258        0.000158117       4.87001e-06
259        0.000111469       4.16592e-06
260        0.000105248       5.55983e-06
261        0.000128857       3.05207e-06
262        9.97853e-05       3.59569e-06
263        0.000138159       8.02518e-06
264        0.000116417       2.5197e-06
265        0.000130999       2.66985e-06
266        0.000130834       8.0256e-06
267        9.34391e-05       4.45313e-06
268        0.00011798       6.21217e-06
269        0.000109994       4.02746e-06
270        0.00010894       1.74146e-06
271        0.000109081       1.47649e-06
272        0.000132159       5.86865e-06
273        0.000122513       2.62083e-06
274        0.000107054       2.93344e-06
275        0.000107558       4.03075e-06
276        0.000100301       1.81653e-06
277        0.000135932       8.13173e-06
278        0.000112022       2.68401e-06
279        0.000135959       4.76751e-06
280        0.000134406       4.83454e-06
281        0.00011294       5.44343e-06
282        0.000133006       6.11403e-06
283        0.000112189       5.06222e-06
284        0.000133356       4.51526e-06
285        0.000135981       3.38475e-06
286        0.00013377       6.2508e-06
287        0.000112104       5.24641e-06
288        0.00011338       6.08866e-06
289        0.000122121       2.27885e-06
290        0.000152315       4.88536e-06
291        0.000153373       7.06491e-06
292        0.000152591       2.77783e-06
293        0.000154528       5.42134e-06
294        0.000140564       1.16045e-06
295        0.000144773       1.0961e-05
296        0.000139702       7.8718e-06
297        0.000147768       8.04895e-06
298        0.000139605       1.62556e-05
299        0.000140262       5.05827e-06
300        0.000155456       2.76682e-06
301        0.00013655       5.26063e-06
302        0.0001549       2.48179e-06
303        0.000143969       3.60236e-06
304        0.000159946       7.50872e-06
305        0.000156963       1.92052e-05
306        0.000153485       7.62715e-06
307        0.000139049       8.91657e-06
308        0.000138954       4.46192e-06
309        0.000135627       4.41732e-06
310        0.000175623       3.62925e-06
311        0.000137017       6.27386e-06
312        0.000144813       1.23727e-05
313        0.000174863       2.83344e-06
314        0.000143227       1.19698e-05
315        0.000173592       7.5492e-06
316        0.000173372       5.90985e-06
317        0.000141304       8.45362e-06
318        0.000151162       1.35619e-05
319        0.000148473       1.08645e-05
320        0.00017945       1.63357e-06
321        0.000138752       6.35263e-06
322        0.000174202       3.63975e-06
323        0.000142752       1.20008e-05
324        0.000142311       9.13136e-06
325        0.000139499       1.49439e-05
326        0.000143877       1.11129e-05
327        0.000178032       2.86482e-06
328        0.000147       4.87745e-06
329        0.00014201       6.25149e-06
330        2.34069e-05       3.21919e-07
331        2.31799e-05       2.94005e-07
332        2.38566e-05       6.9644e-07
333        2.38488e-05       3.34396e-07
334        2.3815e-05       9.81485e-07
335        2.55914e-05       7.85041e-08
336        2.32698e-05       2.86709e-07
337        2.38515e-05       2.28517e-07
338        2.37916e-05       4.13179e-07
339        2.35967e-05       3.7444e-07
340        2.34147e-05       3.19148e-07
341        2.38431e-05       7.57221e-07
342        2.5958e-05       5.58295e-07
343        2.38931e-05       1.64856e-07
344        2.34516e-05       3.89196e-07
345        2.56948e-05       3.88697e-07
346        2.3553e-05       5.19957e-07
347        2.35249e-05       4.0238e-07
348        2.38817e-05       5.64907e-07
349        2.31942e-05       1.49103e-07
350        3.29053e-05       2.89618e-07
351        3.27042e-05       6.44015e-07
352        3.321e-05       7.72946e-07
353        3.28916e-05       6.90347e-07
354        3.29443e-05       9.10841e-07
355        3.29345e-05       1.23795e-06
356        3.2707e-05       2.58124e-07
357        3.28055e-05       4.25208e-07
358        3.30656e-05       8.68387e-07
359        3.2626e-05       6.10222e-07
360        3.31379e-05       8.29177e-07
361        3.33898e-05       6.2512e-07
362        3.27141e-05       6.63093e-07
363        3.30744e-05       6.14653e-07
364        3.30322e-05       2.15987e-07
365        3.31529e-05       6.87795e-07
366        3.32766e-05       4.23493e-07
367        3.28046e-05       5.6395e-07
368        3.28976e-05       6.87042e-07
369        3.33174e-05       7.2531e-07
370        3.96017e-05       4.20224e-07
371        3.9823e-05       2.27031e-07
372        3.98049e-05       3.23219e-07
373        3.98818e-05       3.18906e-07
374        3.25489e-05       4.2481e-07
375        5.16886e-05       6.56673e-07
376        4.04044e-05       1.0849e-06
377        4.00961e-05       9.23084e-07
378        4.91573e-05       1.43758e-06
379        3.22727e-05       1.69748e-07
380        5.163e-05       9.59608e-07
381        3.22572e-05       2.8891e-07
382        3.96141e-05       5.77891e-07
383        4.98366e-05       1.37606e-06
384        3.21799e-05       2.86099e-07
385        4.79622e-05       7.28165e-07
386        4.96708e-05       6.17093e-07
387        3.23384e-05       3.8972e-07
388        3.22922e-05       1.72771e-07
389        3.98441e-05       5.39926e-07
390        5.64174e-05       1.40609e-06
391        4.9787e-05       8.47195e-07
392        5.14689e-05       2.50792e-06
393        5.07436e-05       2.02458e-06
394        5.56873e-05       9.31358e-07
395        5.30676e-05       7.26035e-07
396        4.97341e-05       1.52069e-06
397        5.63178e-05       2.34851e-06
398        5.60862e-05       1.30995e-06
399        5.6673e-05       2.3438e-06
400        5.31406e-05       1.17847e-06
401        5.41703e-05       1.13393e-06
402        5.63087e-05       1.74431e-06
403        4.98524e-05       7.55518e-07
404        5.74661e-05       1.90673e-06
405        4.96456e-05       1.56045e-06
406        5.04109e-05       1.17755e-06
407        5.08848e-05       8.15324e-07
408        5.54728e-05       1.96592e-06
409        5.7691e-05       2.70385e-06
410        6.90308e-05       1.54143e-06
411        6.93854e-05       1.4162e-06
412        6.91724e-05       1.50904e-06
413        7.17832e-05       2.05993e-06
414        6.91064e-05       9.07239e-07
415        7.01874e-05       2.73376e-06
416        7.16119e-05       3.50638e-06
417        7.09579e-05       3.3662e-06
418        7.00159e-05       5.96561e-07
419        6.97944e-05       7.05134e-07
420        7.15784e-05       1.50295e-06
421        7.47585e-05       3.03023e-06
422        7.41421e-05       4.51851e-06
423        7.11053e-05       1.55787e-06
424        7.5966e-05       2.29626e-06
425        7.3308e-05       4.0859e-06
426        7.14502e-05       1.41352e-06
427        7.15225e-05       3.23726e-06
428        6.97589e-05       1.72302e-06
429        7.10475e-05       6.30699e-06
430        9.93434e-05       1.87074e-06
431        0.000101085       8.192e-06
432        8.329e-05       2.28232e-06
433        9.76209e-05       2.34125e-06
434        8.29205e-05       2.40391e-06
435        8.67825e-05       2.08485e-06
436        8.75904e-05       5.19831e-06
437        8.72135e-05       3.31853e-06
438        9.99819e-05       1.65015e-06
439        9.14105e-05       3.97925e-06
440        9.0744e-05       5.95012e-06
441        8.58462e-05       2.46301e-06
442        8.82973e-05       4.06655e-06
443        9.26982e-05       4.52697e-06
444        0.000102299       1.33796e-06
445        9.52552e-05       6.39015e-06
446        8.63538e-05       3.1244e-06
447        9.56868e-05       5.15093e-06
448        9.57892e-05       1.40511e-06
449        0.000100524       3.8458e-06
450        0.000261937       1.32475e-05
451        0.000228511       7.29305e-06
452        0.000229716       3.22392e-06
453        0.000283148       5.98129e-06
454        0.000234472       5.45227e-06
455        0.000265087       4.1353e-06
456        0.000257514       6.38699e-07
457        0.000208641       5.11559e-06
458        0.000249361       5.23979e-06
459        0.000248948       4.34052e-06
460        0.000239625       5.75336e-06
461        0.000252752       3.57552e-06
462        0.000229434       4.31222e-06
463        0.00024717       8.92627e-06
464        0.00024451       5.98268e-06
465        0.000256417       6.67014e-06
466        0.000248626       3.38928e-06
467        0.000254013       4.18279e-06
468        0.000241495       4.36636e-06
469        0.000229111       2.33923e-06
470        0.000261595       8.4434e-06
471        0.000259941       7.17857e-06
472        0.000246926       8.59134e-06
473        0.000236837       2.73772e-06
474        0.000251376       2.38472e-06
475        0.000230542       1.92888e-06
476        0.000250772       5.65827e-06
477        0.000222907       4.67054e-06
478        0.000223822       3.85283e-06
479        0.000252109       7.56591e-06
480        0.000244306       6.03331e-06
481        0.000248944       5.35274e-06
482        0.000233538       5.37624e-06
483        0.000252219       4.67906e-06
484        0.00023921       4.59244e-06
485        0.000277048       3.55765e-06
486        0.000242753       7.76516e-06
487        0.000237912       9.79531e-07
488        0.000237769       2.83165e-06
489        0.000248126       5.10911e-06
490        0.000241587       5.71887e-06
491        0.000244385       3.49191e-06
492        0.000223076       5.24124e-06
493        0.00023932       4.49163e-06
494        0.000244546       2.53061e-06
495        0.000252392       5.11008e-06
496        0.000240007       4.20493e-06
497        0.00024744       2.62666e-06
498        0.000257548       3.19979e-06
499        0.000262261       2.88341e-06
500        0.000285655       1.14328e-05
501        0.000282232       6.91124e-06
502        0.000322264       1.18705e-05
503        0.000308006       1.21154e-05
504        0.000301188       6.43046e-06
505        0.000298163       3.4921e-06
506        0.00027945       7.51743e-06
507        0.000301563       5.00982e-06
508        0.000314508       8.38254e-06
509        0.000278736       1.00791e-05
510        0.000303017       7.96624e-06
511        0.000300795       2.85499e-06
512        0.00029299       5.36084e-06
513        0.000351739       5.5951e-06
514        0.000310914       6.88124e-06
515        0.000298906       5.18931e-06
516        0.000353295       9.24247e-06
517        0.000292892       4.13372e-06
518        0.000305552       5.88844e-06
519        0.000295857       9.71156e-06
520        0.000302483       1.10339e-05
521        0.000288604       1.04415e-05
522        0.000320031       6.41026e-06
523        0.000294237       3.74211e-06
524        0.000293932       8.47016e-06
525        0.000299977       7.18475e-06
526        0.000282603       3.73316e-06
527        0.000319043       6.24418e-06
528        0.000305788       7.10672e-06
529        0.000297641       4.10073e-06
530        0.000309104       7.28087e-06
531        0.00030068       1.143e-05
532        0.000326279       4.70109e-06
533        0.000310765       5.59479e-06
534        0.000286779       7.23662e-06
535        0.000364876       8.58011e-06
536        0.000301294       2.69717e-06
537        0.000279489       4.69942e-06
538        0.000287337       7.70529e-06
539        0.000298916       6.21608e-06
540        0.000355066       7.38124e-06
541        0.000282428       5.58268e-06
542        0.00029677       5.28892e-06
543        0.000290359       6.00775e-06
544        0.000346852       1.05577e-05
545        0.000291506       3.66585e-06
546        0.000306943       9.01181e-06
547        0.000336719       3.55979e-06
548        0.00029937       8.43557e-06
549        0.000340045       1.28162e-05
550        0.000333708       1.2822e-05
551        0.000325179       5.93164e-06
552        0.000378252       1.10856e-05
553        0.00039457       2.16908e-05
554        0.000319916       1.57351e-06
555        0.00042123       2.09104e-05
556        0.000452537       1.44445e-05
557        0.000415873       1.40872e-05
558        0.000451312       9.33157e-06
559        0.000340434       9.05891e-06
560        0.000493775       1.2391e-05
561        0.000342857       8.25172e-06
562        0.000378218       1.8149e-05
563        0.000328245       8.21238e-06
564        0.000381253       1.78521e-05
565        0.000492786       3.48752e-06
566        0.000381112       1.74369e-05
567        0.000343715       4.95925e-06
568        0.000401016       7.63301e-06
569        0.000354971       8.19485e-06
570        0.000357024       7.90581e-06
571        0.000345057       3.43462e-06
572        0.000422844       3.04592e-05
573        0.000411741       1.52547e-05
574        0.000344658       1.05333e-05
575        0.000420978       1.13806e-05
576        0.000433261       1.63136e-05
577        0.000362745       1.05558e-05
578        0.000388594       9.24999e-06
579        0.000361133       1.48838e-05
580        0.000362428       1.88763e-05
581        0.000362857       1.04158e-05
582        0.0003488       2.00664e-05
583        0.000393168       1.99645e-05
584        0.000400923       6.9162e-06
585        0.000398877       7.91596e-06
586        0.000367205       5.93341e-06
587        0.000409145       6.44026e-06
588        0.000364231       2.58628e-05
589        0.000352427       5.7899e-06
590        0.000403532       1.70534e-05
591        0.00042241       1.28254e-05
592        0.000340601       1.53632e-05
593        0.000414584       1.3961e-05
594        0.00043933       1.75133e-05
595        0.000402696       1.69856e-05
596        0.000417066       2.31781e-05
597        0.000334273       2.92706e-06
598        0.00036742       2.4309e-05
599        0.000385695       1.7826e-05
600        4.25787e-05       6.27637e-07
601        4.53353e-05       9.4045e-07
602        4.81587e-05       2.79497e-07
603        4.44977e-05       4.39913e-07
604        4.26073e-05       8.18378e-07
605        4.22757e-05       5.24537e-07
606        4.87429e-05       1.23371e-06
607        4.90203e-05       8.94775e-07
608        4.74796e-05       1.11835e-06
609        5.47378e-05       1.02967e-06
610        4.989e-05       1.27658e-06
611        4.97359e-05       4.85802e-07
612        5.03671e-05       8.35482e-07
613        4.73074e-05       7.62652e-07
614        4.89548e-05       1.31376e-06
615        4.64321e-05       1.00053e-06
616        3.97424e-05       1.1572e-06
617        4.70334e-05       1.35912e-06
618        4.63158e-05       7.23739e-07
619        3.91249e-05       6.63002e-07
620        4.49666e-05       7.40273e-07
621        4.6631e-05       4.16447e-07
622        4.30421e-05       1.04725e-06
623        4.48301e-05       6.68246e-07
624        5.39444e-05       9.65694e-07
625        4.47506e-05       6.33847e-07
626        4.61325e-05       3.75295e-07
627        4.91862e-05       9.91633e-07
628        4.94526e-05       6.58471e-07
629        5.45036e-05       3.23819e-07
630        4.37149e-05       7.08247e-07
631        5.24855e-05       5.2192e-07
632        4.95223e-05       1.16998e-06
633        5.55226e-05       8.27008e-07
634        4.2558e-05       7.90621e-07
635        5.29901e-05       1.11385e-06
636        5.53455e-05       7.53317e-07
637        4.19022e-05       1.63382e-06
638        5.38911e-05       1.48002e-06
639        4.81566e-05       6.89618e-07
640        5.0609e-05       6.05327e-07
641        4.90802e-05       7.12938e-07
642        4.33844e-05       1.53586e-06
643        4.44753e-05       7.6853e-07
644        5.07741e-05       5.67159e-07
645        5.02468e-05       1.13393e-06
646        5.0234e-05       6.19449e-07
647        4.13708e-05       6.84504e-07
648        4.30833e-05       2.99565e-07
649        4.98346e-05       8.43878e-07
650        6.91412e-05       1.86521e-06
651        6.70954e-05       6.2741e-07
652        6.98646e-05       7.55474e-07
653        6.82356e-05       6.74301e-07
654        6.5825e-05       7.62764e-07
655        7.55694e-05       1.13917e-06
656        6.11301e-05       1.11276e-06
657        6.3214e-05       8.54822e-07
658        6.75751e-05       1.79311e-06
659        6.02566e-05       1.00392e-06
660        5.91172e-05       6.76026e-07
661        6.84878e-05       1.32621e-06
662        6.58176e-05       1.11292e-06
663        6.32695e-05       1.11528e-06
664        7.34706e-05       2.49374e-06
665        7.04834e-05       1.01846e-06
666        6.25636e-05       6.7108e-07
667        7.10488e-05       6.67898e-07
668        7.58556e-05       5.03742e-07
669        6.36211e-05       6.102e-07
670        6.71019e-05       1.86151e-06
671        6.3665e-05       1.96274e-06
672        6.58181e-05       1.45542e-06
673        5.8607e-05       3.28694e-07
674        6.33654e-05       9.50064e-07
675        6.66283e-05       7.4352e-07
676        6.73401e-05       9.36273e-07
677        6.36923e-05       1.39744e-06
678        6.78422e-05       1.21655e-06
679        5.6661e-05       1.30598e-06
680        7.22255e-05       1.25685e-06
681        7.13522e-05       1.13387e-06
682        7.19422e-05       1.52354e-06
683        6.15436e-05       7.84512e-07
684        6.7754e-05       7.10658e-07
685        6.64832e-05       9.30728e-07
686        6.50339e-05       7.23975e-07
687        7.2185e-05       1.59983e-06
688        6.99221e-05       8.49058e-07
689        6.19684e-05       3.49255e-07
690        6.86376e-05       8.1329e-07
691        6.0644e-05       6.53059e-07
692        6.47106e-05       1.21844e-06
693        6.42634e-05       6.90104e-07
694        7.68536e-05       1.957e-06
695        6.34728e-05       1.5883e-06
696        7.41765e-05       9.14338e-07
697        6.21449e-05       8.83459e-07
698        6.55899e-05       1.66815e-06
699        6.7698e-05       5.25221e-07
700        9.08307e-05       1.51213e-06
701        8.57889e-05       2.32691e-06
702        8.48995e-05       1.95792e-06
703        8.83835e-05       1.31055e-06
704        8.87717e-05       1.82897e-06
705        9.59006e-05       2.21606e-06
706        8.52868e-05       5.6259e-07
707        9.78547e-05       1.53073e-06
708        9.62638e-05       3.17358e-06
709        8.59235e-05       6.81972e-07
710        8.10142e-05       1.69797e-06
711        9.48529e-05       9.64461e-07
712        8.62973e-05       1.18901e-06
713        9.51821e-05       1.38782e-06
714        9.79933e-05       2.67733e-06
715        9.41763e-05       9.23446e-07
716        8.47531e-05       1.10148e-06
717        9.05459e-05       2.18414e-06
718        8.43294e-05       1.00417e-06
719        9.14366e-05       8.49352e-07
720        8.49738e-05       7.52375e-07
721        8.98378e-05       9.17604e-07
722        8.64161e-05       1.17901e-06
723        8.68908e-05       8.12076e-07
724        8.51914e-05       9.51369e-07
725        9.08955e-05       9.78071e-07
726        9.15382e-05       2.03909e-06
727        8.44885e-05       1.9899e-06
728        9.72984e-05       2.29594e-06
729        8.93727e-05       1.00293e-06
730        9.06263e-05       1.09044e-06
731        9.0184e-05       1.58671e-06
732        9.33704e-05       1.46025e-06
733        8.44928e-05       5.39023e-07
734        8.15816e-05       1.63087e-06
735        9.22794e-05       1.38747e-06
736        9.80805e-05       1.97345e-06
737        8.95079e-05       1.72656e-06
738        8.75471e-05       1.00233e-06
739        7.755e-05       8.06409e-07
740        8.6589e-05       1.78934e-06
741        9.35157e-05       1.38945e-06
742        9.11045e-05       9.92703e-07
743        8.61938e-05       2.6011e-06
744        8.79506e-05       7.38506e-07
745        9.23071e-05       2.2547e-07
746        8.54934e-05       8.77834e-07
747        8.95585e-05       1.07459e-06
748        9.70504e-05       1.28733e-06
749        9.1294e-05       8.06209e-07
750        0.000102618       1.5642e-06
751        0.000108852       1.08304e-06
752        0.000116209       3.02461e-06
753        0.000116646       9.44231e-07
754        0.000122119       1.59909e-06
755        0.000110357       2.12763e-06
756        0.000119656       1.51682e-06
757        0.000116607       2.47431e-06
758        0.000116794       1.57839e-06
759        0.000127381       1.35584e-06
760        0.000122336       1.85541e-06
761        0.000117781       2.80428e-06
762        0.000110365       1.00871e-06
763        0.000119093       1.58894e-06
764        0.000119839       1.69918e-06
765        0.000109973       8.6413e-07
766        0.00012772       3.30527e-06
767        0.000126459       2.56925e-06
768        0.00012001       1.62004e-06
769        0.000116602       1.22191e-06
770        0.000121428       1.77084e-06
771        0.000127027       2.25236e-06
772        0.000116981       1.64877e-06
773        0.000122736       7.67084e-07
774        0.000121746       1.06901e-06
775        0.000113821       1.78944e-06
776        0.000116325       2.83279e-06
777        0.000113157       1.33356e-06
778        0.000112735       1.31296e-06
779        0.000122082       1.85132e-06
780        0.000116075       1.52145e-06
781        0.000128574       9.75691e-07
782        0.000118471       1.87995e-06
783        0.000101904       1.74311e-06
784        0.000106026       2.07898e-06
785        0.000119923       1.03381e-06
786        0.000121512       1.24882e-06
787        0.000117563       2.80036e-06
788        0.000115169       1.16216e-06
789        0.000111475       3.70173e-06
790        0.000119073       2.50203e-06
791        0.000134366       3.89382e-06
792        0.000117749       1.51867e-06
793        0.000112111       1.57908e-06
794        0.000108868       1.43567e-06
795        0.000125706       1.93662e-06
796        0.000133477       2.15793e-06
797        0.000128408       2.41805e-06
798        0.000127131       3.04183e-06
799        0.000118912       1.73089e-06
800        0.000154011       1.45904e-06
801        0.00015091       3.67537e-06
802        0.000163687       3.38652e-06
803        0.000132875       3.94379e-06
804        0.000162068       8.79526e-07
805        0.000141021       2.02577e-06
806        0.000152508       1.1695e-06
807        0.000156056       3.27283e-06
808        0.000155816       1.32956e-06
809        0.000170983       9.46391e-06
810        0.000143577       1.71473e-06
811        0.000150593       3.59241e-06
812        0.00016768       2.26789e-06
813        0.000165427       3.09392e-06
814        0.000148435       2.514e-06
815        0.000147427       2.63067e-06
816        0.000159782       2.37361e-06
817        0.000145571       1.21657e-06
818        0.000160054       2.29934e-06
819        0.000158269       3.60703e-06
820        0.000156468       1.95861e-06
821        0.000144612       2.45679e-06
822        0.000159449       3.66525e-06
823        0.000157377       2.12673e-06
824        0.000165634       2.41639e-06
825        0.000175946       5.88957e-06
826        0.000148059       9.52089e-07
827        0.000162669       1.05415e-06
828        0.000159234       1.15945e-06
829        0.000153947       1.72285e-06
830        0.000170022       2.83871e-06
831        0.000161983       3.28965e-06
832        0.0001501       7.80227e-07
833        0.000142676       5.29612e-06
834        0.000130698       2.34712e-06
835        0.000152009       3.02664e-06
836        0.000150977       2.99056e-06
837        0.000153271       1.03761e-06
838        0.000163956       3.27456e-06
839        0.000155057       1.15092e-06
840        0.000152863       2.70157e-06
841        0.00013628       2.83291e-06
842        0.000152354       2.25623e-06
843        0.000151801       2.89001e-06
844        0.000151238       8.53464e-07
845        0.000149716       2.65526e-06
846        0.000155513       2.01225e-06
847        0.000158328       1.93913e-06
848        0.000146169       3.96405e-06
849        0.000146566       1.37927e-06
850        0.000189281       3.0033e-06
851        0.000193598       7.82732e-06
852        0.000196423       4.10769e-06
853        0.000196868       2.49873e-06
854        0.000182573       2.65812e-06
855        0.00019515       3.04972e-06
856        0.000217499       4.73529e-06
857        0.000222098       3.86857e-06
858        0.000195229       3.0837e-06
859        0.000197377       5.32805e-06
860        0.00018933       2.30492e-06
861        0.000182161       2.36986e-06
862        0.000177145       2.88342e-06
863        0.000195838       1.43209e-06
864        0.000195938       3.45796e-06
865        0.000210956       7.47093e-06
866        0.000187802       6.7146e-06
867        0.000197829       3.95981e-06
868        0.000188559       3.18579e-06
869        0.000200084       1.34235e-06
870        0.000201115       3.176e-06
871        0.000186917       4.92066e-06
872        0.000193711       1.62614e-06
873        0.000184812       2.79496e-06
874        0.000182478       3.29253e-06
875        0.000197618       2.02338e-06
876        0.000200076       2.25083e-06
877        0.000187834       1.5268e-06
878        0.00018765       5.03844e-06
879        0.000176752       3.89353e-06
880        0.000191466       1.00922e-06
881        0.000188375       5.21176e-06
882        0.000204741       1.32954e-06
883        0.000191064       3.35523e-06
884        0.000198257       4.2287e-06
885        0.000194325       2.45259e-06
886        0.000176147       2.92906e-06
887        0.000153951       2.50794e-06
888        0.000187534       1.79567e-06
889        0.000193983       2.17711e-06
890        0.000189266       2.70618e-06
891        0.000214343       7.86834e-07
892        0.000202799       4.28554e-06
893        0.000203203       3.19992e-06
894        0.00020315       4.0953e-06
895        0.000179832       4.15773e-06
896        0.00018564       1.15248e-06
897        0.000192471       1.75575e-06
898        0.000213868       4.11786e-06
899        0.000197946       2.6534e-06
900        7.07003e-06       1.94053e-08
901        1.30281e-05       1.06994e-07
902        0.000236811       7.11855e-06
903        0.000214125       5.44574e-06
904        0.000259709       9.99243e-06
905        0.00028278       5.78782e-06
906        0.000277007       3.91527e-06
907        0.000207174       2.61808e-06
908        0.00022599       5.7385e-06
909        0.000269504       1.59084e-05
910        0.000204504       7.51973e-06
911        0.000233668       1.1364e-05
912        0.00019087       1.1415e-05
913        0.000185615       5.53162e-06
914        0.000157674       8.10569e-06
915        0.00024811       3.43696e-06
916        0.000179113       5.42176e-06
917        0.000203539       5.41117e-06
918        0.000246798       7.65135e-06
919        0.000182578       2.78607e-06
920        0.000245442       1.41239e-06
921        0.000240478       2.77887e-06
922        0.000268705       7.18908e-06
923        0.000248013       5.86675e-06
924        0.000224446       5.52842e-06
925        0.0002816       1.06966e-05
926        0.000248908       6.9554e-06
927        0.000230183       6.40158e-06
928        0.00022841       5.14206e-06
929        0.000209291       9.67692e-06
930        0.000208124       3.75128e-06
931        0.000250919       4.66893e-06
932        0.000373189       9.69809e-06
933        0.000218881       1.33726e-05
934        0.00016218       2.8819e-06
935        0.000241398       1.29848e-05
936        0.00025878       4.8342e-06
937        0.000214125       2.64952e-06
938        0.000273304       5.33859e-06
939        0.000301       5.22401e-06
940        0.000330383       1.18415e-05
941        0.00030297       8.0078e-06
942        0.000251273       1.23043e-05
943        0.000268262       2.23126e-05
944        0.00031152       8.90209e-06
945        0.000263344       8.342e-06
946        0.000223766       3.78173e-06
947        0.000298949       6.56263e-06
948        0.000200219       6.12333e-06
949        0.000309312       1.09374e-05
950        0.000285091       9.27196e-06
951        0.000271508       1.14062e-05
952        0.000295069       1.1941e-05
953        0.000317953       1.20246e-05
954        0.000378047       1.64272e-05
955        0.000247009       5.78712e-06
956        0.000288146       1.15779e-05
957        0.000208555       1.02783e-05
958        0.000309435       7.5073e-06
959        0.000314299       9.17188e-06
960        0.00026565       5.70486e-06
961        0.000260998       2.69271e-05
962        0.00036367       1.19417e-05
963        0.000467585       1.98674e-05
964        0.000412812       8.94391e-06
965        0.000168083       2.67203e-06
966        0.000348233       3.40191e-05
967        0.000501       1.43687e-05
968        0.000385351       3.37892e-05
969        0.000321754       1.45916e-05
970        0.000321968       2.75423e-06
971        0.000369107       9.18544e-06
972        0.000270654       2.84596e-06
973        0.000294954       1.20708e-05
974        0.000358301       6.92289e-06
975        0.000425016       2.49022e-05
976        0.000485669       3.20531e-05
977        0.000341127       1.01075e-05
978        0.00041715       1.03204e-05
979        0.000285256       1.54311e-05
980        0.000343011       1.76282e-05
981        0.000376827       3.43189e-06
982        0.000391718       2.2698e-05
983        0.000302947       5.27958e-06
984        0.000284451       1.05726e-05
985        0.000403758       1.66061e-05
986        0.000277923       1.19952e-05
987        0.000291546       1.23167e-05
988        0.000342649       8.38597e-06
989        0.000390634       1.02566e-05
990        0.000295374       1.47952e-05
991        0.000289249       1.59912e-05
992        2.04602e-05       1.0703e-07
993        1.90406e-05       3.7441e-07
994        1.96499e-05       1.58154e-07
995        1.81394e-05       4.0334e-08
996        1.98673e-05       1.39861e-07
997        1.88667e-05       1.65401e-07
998        1.85448e-05       1.03329e-07
999        2.10998e-05       1.4984e-07
1000        2.02696e-05       2.07066e-07
1001        2.04278e-05       2.4356e-07
1002        3.29006e-05       1.16957e-06
1003        3.36315e-05       3.25074e-07
1004        3.09388e-05       6.24299e-07
1005        2.90269e-05       5.70608e-07
1006        3.33453e-05       6.9655e-07
1007        3.13017e-05       9.21142e-07
1008        2.90588e-05       2.72124e-07
1009        2.93985e-05       5.52545e-07
1010        3.55194e-05       4.96611e-07
1011        3.18531e-05       4.03684e-07
1012        2.75252e-05       2.23398e-07
1013        3.13203e-05       1.04327e-06
1014        3.27156e-05       7.74992e-07
1015        3.60643e-05       1.54994e-06
1016        3.04272e-05       9.89199e-07
1017        3.48287e-05       8.41632e-07
1018        2.88881e-05       4.40342e-07
1019        3.41053e-05       1.82304e-07
1020        3.13326e-05       5.98835e-07
1021        3.37376e-05       3.49783e-07
1022        3.39288e-05       6.50431e-07
1023        2.83286e-05       2.44937e-07
1024        3.21819e-05       1.63989e-07
1025        2.74462e-05       8.37474e-07
1026        2.71164e-05       3.89166e-07
1027        2.32255e-05       9.98484e-07
1028        3.02209e-05       7.25799e-07
1029        3.32501e-05       7.36305e-07
1030        2.90768e-05       5.13626e-07
1031        2.73543e-05       4.79932e-07
1032        4.74743e-05       1.40169e-06
1033        4.33191e-05       6.44295e-07
1034        4.60791e-05       3.39494e-07
1035        4.8333e-05       7.57201e-07
1036        4.55255e-05       7.99885e-07
1037        4.30531e-05       5.96925e-07
1038        4.43281e-05       1.10355e-06
1039        4.49583e-05       7.13623e-07
1040        3.97734e-05       5.11271e-07
1041        5.4754e-05       9.76614e-07
1042        4.85582e-05       1.34061e-06
1043        4.52084e-05       7.05541e-07
1044        3.64627e-05       6.08606e-07
1045        4.96047e-05       1.17799e-06
1046        4.52347e-05       4.33472e-07
1047        4.87898e-05       1.3867e-06
1048        4.17226e-05       5.56457e-07
1049        4.98022e-05       1.16222e-06
1050        4.0073e-05       4.55355e-07
1051        4.11012e-05       3.7853e-07
1052        3.31449e-05       8.83931e-07
1053        4.18598e-05       6.24712e-07
1054        4.20082e-05       2.94526e-07
1055        4.74652e-05       6.8801e-07
1056        3.61704e-05       6.8429e-07
1057        4.5442e-05       8.19533e-07
1058        4.14771e-05       2.35854e-07
1059        4.60514e-05       1.18418e-06
1060        3.62543e-05       8.80665e-07
1061        4.07556e-05       8.06706e-07
1062        6.76983e-05       5.34076e-07
1063        6.35487e-05       8.77401e-07
1064        5.13774e-05       1.3436e-06
1065        6.25705e-05       6.19441e-07
1066        6.60506e-05       2.04514e-06
1067        6.11845e-05       1.08483e-06
1068        6.09285e-05       2.14424e-06
1069        5.60691e-05       6.8976e-07
1070        5.19387e-05       1.30558e-06
1071        6.80856e-05       2.69269e-06
1072        7.42786e-05       1.07402e-06
1073        6.68613e-05       1.68435e-06
1074        3.8209e-05       4.44708e-06
1075        5.8763e-05       1.06842e-06
1076        6.56885e-05       8.9678e-07
1077        6.73369e-05       8.89449e-07
1078        6.17209e-05       1.96209e-06
1079        6.05374e-05       7.77763e-07
1080        6.41036e-05       1.5034e-06
1081        6.20563e-05       1.41727e-06
1082        5.52083e-05       1.7104e-06
1083        6.97979e-05       1.76063e-06
1084        3.68017e-05       2.48956e-06
1085        6.20903e-05       8.09748e-07
1086        5.41977e-05       3.45952e-07
1087        5.45021e-05       6.4081e-07
1088        6.64119e-05       8.31283e-07
1089        6.43705e-05       5.25574e-07
1090        6.97086e-05       9.08414e-07
1091        6.69169e-05       1.29667e-06
1092        8.9877e-05       1.80537e-06
1093        8.67726e-05       3.44912e-07
1094        6.02591e-05       1.41782e-06
1095        7.00549e-05       2.88544e-06
1096        8.60774e-05       1.46621e-06
1097        5.61402e-05       2.66273e-06
1098        7.48147e-05       3.77031e-06
1099        9.35615e-05       1.16652e-06
1100        7.83112e-05       1.11943e-06
1101        7.66736e-05       2.63119e-06
1102        8.52275e-05       4.70468e-06
1103        7.66854e-05       1.32504e-06
1104        7.86354e-05       1.36647e-06
1105        7.95619e-05       4.62554e-07
1106        7.51133e-05       1.33894e-06
1107        7.65751e-05       1.57864e-06
1108        8.92632e-05       1.30964e-06
1109        9.04399e-05       6.93163e-07
1110        8.94745e-05       2.02978e-06
1111        6.17283e-05       3.47798e-06
1112        6.84708e-05       3.64571e-07
1113        8.73956e-05       4.58953e-07
1114        7.34507e-05       1.64441e-06
1115        8.30566e-05       9.34624e-07
1116        7.3409e-05       1.60612e-06
1117        9.55833e-05       2.5568e-06
1118        9.26268e-05       2.47509e-06
1119        6.88274e-05       1.58699e-06
1120        8.22446e-05       7.68647e-07
1121        8.2628e-05       2.8116e-06
1122        0.000101228       3.5918e-06
1123        0.000122216       3.59588e-06
1124        0.000123693       9.66858e-07
1125        0.000112636       1.05729e-06
1126        0.000155114       5.61581e-06
1127        9.83518e-05       3.77575e-06
1128        8.34571e-05       2.32943e-06
1129        0.000115013       9.27048e-07
1130        0.000106489       1.77085e-06
1131        0.000109058       1.59776e-06
1132        0.000115679       1.77094e-06
1133        0.000120603       2.8437e-06
1134        9.46869e-05       5.71381e-06
1135        0.000126267       3.76363e-06
1136        0.000120074       1.9875e-06
1137        9.22604e-05       1.51236e-06
1138        0.00010429       2.83651e-06
1139        0.000131856       4.57448e-06
1140        0.000124312       3.43867e-06
1141        0.000124613       2.13617e-06
1142        0.000115056       2.19721e-06
1143        0.000120297       2.17948e-06
1144        0.000101876       9.8356e-07
1145        0.000107981       1.36085e-06
1146        0.000124042       1.36563e-06
1147        0.000120957       2.31024e-06
1148        0.000127968       2.23981e-06
1149        9.72673e-05       3.09826e-06
1150        6.99969e-05       4.38923e-06
1151        0.000102662       2.30836e-06
1152        0.000148341       2.30362e-06
1153        0.000129607       2.62011e-06
1154        0.000142013       9.17007e-07
1155        0.000213528       7.4694e-06
1156        0.000151307       2.49622e-06
1157        0.000140118       3.37922e-06
1158        0.000166959       6.38924e-06
1159        0.000134941       1.84576e-06
1160        0.000134648       4.71149e-06
1161        0.000185837       2.56107e-06
1162        0.000212977       3.87812e-06
1163        0.000173717       1.44123e-05
1164        0.000129225       6.40323e-06
1165        0.000145549       3.5108e-06
1166        0.000141618       1.65311e-06
1167        0.000134332       1.54174e-06
1168        0.000139873       3.40753e-06
1169        0.000132243       3.80351e-06
1170        0.000138024       9.37028e-07
1171        0.000118243       3.21779e-06
1172        0.000142102       2.53808e-06
1173        0.000136374       2.02741e-06
1174        0.000136875       5.46061e-06
1175        0.000155342       3.41588e-06
1176        0.000167332       1.15758e-05
1177        0.000125045       2.30499e-06
1178        0.000142542       8.51352e-07
1179        0.000183352       4.11506e-06
1180        0.000150237       2.71033e-06
1181        0.000129463       5.29357e-06
1182        0.000180276       5.81263e-06
1183        0.000154764       1.72708e-05
1184        0.000175816       5.51122e-06
1185        0.000175499       6.31892e-06
1186        0.000201709       5.67553e-06
1187        0.000172732       3.40603e-06
1188        0.000131953       1.22503e-05
1189        0.000265416       1.04917e-05
1190        0.000175041       1.29757e-05
1191        0.000149109       1.60984e-06
1192        0.000180258       3.78606e-06
1193        0.000210992       5.12349e-06
1194        0.000192267       6.5772e-06
1195        0.000166369       3.8486e-06
1196        0.000190122       3.49787e-06
1197        0.000159732       3.29764e-06
1198        0.00021807       1.63742e-05
1199        0.000192057       4.16587e-06
1200        0.000154639       2.06026e-06
1201        0.000145802       4.52468e-06
1202        0.000187994       3.64864e-06
1203        0.000175019       4.27071e-06
1204        0.000228962       5.58351e-06
1205        0.000165768       3.67021e-06
1206        0.000218128       2.07937e-06
1207        0.00020541       2.59094e-06
1208        0.000125911       4.54005e-06
1209        0.000149192       3.88437e-06
1210        0.000138172       3.68492e-06
1211        0.000211556       7.43548e-06
