#str         HOA (kJ/mol)          error (kJ/mol)   
0 56.6302       5.9727787975
1 54.9642       4.3838046947
2 39.7613       2.4253010075
3 42.325       9.8884252549
4 38.9544       1.4914791663
5 56.853       4.4330046543
6 47.5629       3.2482855408
7 49.5487       3.3800120879
8 38.968       1.3712226619
9 40.3966       1.3717424897
10 52.1147       4.2362134095
11 45.0899       7.5858009053
12 35.7901       8.2032618982
13 42.3113       4.8484061460
14 42.0476       4.0398075605
15 52.3667       2.4981439768
16 47.336       1.1651738536
17 51.5674       3.2124232908
18 46.4264       4.9696641084
19 44.4616       0.9619029436
20 38.9767       1.3492968940
21 65.1147       1.1688235515
22 48.3334       1.0293636152
23 50.2161       1.3591562640
24 67.5163       4.1133427270
25 58.1255       6.0348290023
26 46.1848       6.5643444175
27 51.6832       2.5779477770
28 52.2023       2.6281122024
29 48.55       0.8583230886
30 58.6868       2.1220923824
31 66.1372       5.1671055964
32 66.9932       3.6697531689
33 56.4511       7.4236772187
34 62.8322       5.4233305050
35 55.0418       8.9758456543
36 48.6581       1.3427140593
37 52.1959       6.0725554157
38 53.099       8.2050875631
39 51.2018       3.3671971220
40 35.2377       1.7546107721
41 37.0879       0.4252754084
42 34.3574       0.6169413989
43 36.9423       0.7811035589
44 35.1778       0.6409798944
45 32.6065       0.6262326021
46 37.3087       0.4220377156
47 35.3784       0.9758556605
48 33.0329       0.9005402694
49 38.0098       1.0146729011
50 37.6482       2.1745768860
51 37.2138       1.4288503762
52 37.018       0.3002144640
53 35.3046       0.7265869385
54 37.4578       0.3719220340
55 31.8391       0.4091830391
56 33.8324       0.8045959982
57 38.1478       1.1467968135
58 35.4159       0.3598900180
59 35.0929       0.2399827795
60 37.2473       0.4798067150
61 39.4342       0.3825324676
62 36.1681       0.8436560489
63 34.6645       2.1734983207
64 36.6337       1.4598431925
65 39.0007       1.6718885582
66 38.1216       0.6612719273
67 36.6659       0.4567389167
68 37.174       1.2439397746
69 34.5821       0.5969592975
70 34.1019       0.2143453980
71 36.7909       1.7163152624
72 36.9545       0.7506221400
73 46.8501       4.1168586782
74 33.454       0.7452308697
75 40.2884       0.3550985044
76 38.2592       2.6995973694
77 41.4867       0.7296457842
78 34.9974       0.8905851034
79 34.8141       0.5552807781
80 50.4272       4.8884807221
81 37.451       1.7721955079
82 44.0424       0.7329691521
83 50.0243       2.1519869118
84 49.9393       2.1723742246
85 37.7673       1.8072550390
86 38.7473       0.7412203643
87 49.3552       5.6756040005
88 36.7445       1.0947457156
89 36.1527       2.3791204111
90 39.095       4.0409452207
91 41.3772       2.3288930560
92 43.9848       1.1524712718
93 35.6087       0.8696254933
94 47.1197       5.2746001366
95 39.1853       0.6573341774
96 45.9189       1.4220236022
97 38.1383       0.9794390635
98 44.8256       1.5784488247
99 39.4156       5.0427415734
100 45.7333       0.5655102088
101 43.2522       0.8320690599
102 44.9611       0.7767186229
103 43.2639       1.1027629789
104 44.2969       0.8190008025
105 44.734       0.3575075649
106 45.8726       0.4914628471
107 45.038       1.3899500635
108 45.1813       1.1773232425
109 43.9859       1.0230330623
110 45.19       0.7324284633
111 43.8698       0.8466469393
112 43.0404       0.3976230819
113 44.7079       1.2411460605
114 46.3545       1.8752003072
115 46.5242       1.2501911122
116 45.6968       0.6576850640
117 43.6737       1.6140308411
118 44.093       0.4952082545
119 45.1665       0.5707182425
120 45.3594       1.0473271860
121 44.304       1.4192602344
122 44.9814       0.9279937119
123 42.9803       2.2027091393
124 46.6135       1.8848604090
125 46.0897       0.6995995448
126 47.0249       0.9057436031
127 44.6337       1.3473808747
128 48.3592       1.8951171593
129 50.0174       1.6933281940
130 47.1433       2.5857697141
131 47.5094       1.1829938633
132 47.5564       1.0619636596
133 47.0539       1.4513891560
134 44.8876       1.6767493740
135 45.5333       1.2610003190
136 47.6144       1.0934330600
137 46.7261       2.5254548223
138 45.0381       0.9976711113
139 44.5138       1.5102588297
140 40.2636       0.5757658214
141 35.9373       0.5958938803
142 35.8924       1.6018876059
143 37.1341       0.2507274030
144 40.6359       1.0314254080
145 37.278       0.5344328875
146 38.0899       0.3582412241
147 38.0872       0.7923095442
148 40.2691       1.4130268360
149 36.4898       1.1808854809
150 37.432       0.8471615636
151 39.2299       1.4312174422
152 38.3038       0.9721713610
153 35.3621       1.2275211786
154 38.8721       1.2041759182
155 39.6652       1.0778989051
156 36.4052       0.6867268027
157 38.4896       0.5844170372
158 36.3785       0.6178272859
159 39.8563       0.6488363152
160 42.2875       0.2177510560
161 41.388       1.4587590358
162 42.3598       0.7619333724
163 42.4409       1.0460285854
164 40.2828       0.7877970273
165 39.903       0.8413365978
166 40.3268       0.7362786356
167 39.6354       0.8736206745
168 37.515       0.7459894818
169 41.7615       1.0745925291
170 41.2337       0.4931957615
171 42.6037       0.7549413336
172 40.4043       0.6173728233
173 40.5176       0.4866864752
174 40.748       0.6303221149
175 38.97       0.4106017884
176 40.0142       0.7184876398
177 38.2546       0.5857009847
178 40.1681       1.5093631510
179 39.9131       0.5165409838
180 42.6031       0.5176801448
181 43.0939       0.7124102497
182 42.166       0.8428919353
183 41.3251       0.6763758111
184 43.6772       0.7657375189
185 42.851       0.5502931490
186 41.3544       0.3831373102
187 42.0272       0.4281661250
188 41.8232       0.8611948009
189 40.6467       0.5259640433
190 42.2161       0.4532818743
191 41.8274       1.3212436109
192 42.4522       1.9224630722
193 42.1287       0.3955436946
194 42.4482       0.5625392425
195 43.3664       0.7521562610
196 42.9227       0.4753509220
197 42.3099       0.4924393832
198 42.3731       1.3465255299
199 43.7777       0.8965130848
200 26.0163       0.0186792587
201 30.5618       0.1197555605
202 31.6146       0.2178779600
203 29.8701       0.1462803952
204 30.5418       0.2154285558
205 30.1468       0.1665616083
206 31.2147       0.1948526011
207 28.4853       0.1947493415
208 29.8896       0.2170598620
209 30.9204       0.3238464331
210 30.4802       0.1128168492
211 30.8787       0.3090167171
212 29.5204       0.0664011742
213 30.9558       0.1990565812
214 31.459       0.2257584603
215 29.4768       0.1884436509
216 30.8693       0.2175484398
217 29.6854       0.2597036823
218 29.8431       0.1515328976
219 29.4428       0.1430620747
220 31.4376       0.0866818179
221 42.3512       1.5075140192
222 48.3286       3.9844508073
223 43.5136       0.9509215978
224 43.2339       1.2623535495
225 41.4031       1.3914276335
226 44.0613       0.9461112441
227 42.8178       0.6189449336
228 43.0949       0.9785865533
229 42.0266       0.8902612368
230 44.3512       1.4421567020
231 45.8177       1.1089656568
232 42.2917       0.7397397741
233 44.1561       1.4771882280
234 41.3166       2.7762547779
235 45.5531       1.1165734102
236 46.2       0.3206726979
237 42.7818       1.0750628998
238 41.8761       1.2027957477
239 43.571       0.9905580818
240 43.5413       0.4408630712
241 45.3394       1.2421851346
242 56.4799       2.1442296726
243 46.2234       1.7594775518
244 45.5431       1.8776978241
245 46.911       3.0613518269
246 49.0068       1.2536971408
247 46.2639       2.0230984868
248 45.0545       1.2971293925
249 44.4215       4.5394317770
250 48.0659       5.2043310606
251 48.1798       4.6096712468
252 44.0655       1.4879563183
253 47.6792       2.0814811929
254 46.6642       1.2298523859
255 49.5251       2.3713184901
256 48.2464       1.8830363428
257 44.7621       0.7086052718
258 45.4447       1.5977546659
259 44.0507       0.9008643556
260 45.3422       1.4137264705
261 35.1208       0.5973983511
262 32.2904       0.3030381635
263 35.6975       0.9271937967
264 32.4115       0.3119656969
265 31.9013       0.1781546951
266 31.8804       0.3080478797
267 31.7731       0.0877879420
268 30.457       0.3095754666
269 35.9327       0.8392385676
270 37.6694       1.0678786388
271 33.5726       0.6061701570
272 34.335       0.4584319678
273 33.7548       0.3535389803
274 37.5827       1.8791480767
275 31.8893       0.2592928848
276 34.7564       0.6897477269
277 32.0784       0.3772491627
278 36.4337       0.5982186551
279 31.37       0.2476028036
280 36.0546       0.7869869255
281 40.2005       0.7606978455
282 37.8304       0.7530342729
283 34.8068       0.2812802763
284 37.489       1.7855103496
285 40.4442       1.0898176185
286 35.8463       0.2717195169
287 39.2468       0.9356341406
288 35.6046       0.5902442648
289 35.1245       0.8745402742
290 39.5724       0.9626043616
291 38.5305       0.5129618597
292 39.4917       1.2187404975
293 38.7466       0.5643972635
294 38.399       1.9776021286
295 36.5735       1.2894963258
296 36.3146       1.0291993397
297 38.2155       1.2501517195
298 38.8834       0.3967948540
299 36.994       1.2258321508
300 36.5089       0.5682713271
301 37.8211       0.9041431232
302 40.1904       0.5719477836
303 36.5636       0.8998658231
304 39.4537       0.7585053595
305 39.8177       0.6234063151
306 39.1807       0.8395463803
307 39.2304       0.6463460463
308 40.171       0.5703938137
309 42.3889       1.7151218057
310 41.1897       0.8315473001
311 41.105       0.7779892883
312 42.3462       1.6413502139
313 39.1446       1.6268849076
314 40.5087       1.1483354472
315 40.5297       0.7687014493
316 39.7118       1.2098926868
317 39.4497       0.3985696989
318 39.9415       1.1378337905
319 40.0943       0.6973443941
320 42.6168       0.9442726819
321 41.6316       1.1960135466
322 41.9892       0.4283534057
323 40.3547       0.7609281471
324 41.0585       0.9933385249
325 39.066       0.8157950837
326 38.7977       0.7480415048
327 42.1071       0.8886983388
328 41.5451       1.2103932773
329 42.931       0.4410291385
330 43.2788       1.3676446158
331 43.1107       0.8592890341
332 40.6573       1.1214879647
333 43.1804       1.1714706411
334 38.6257       0.9699769841
335 42.2245       0.9901196846
336 44.0915       1.7545150391
337 39.7865       0.8985583068
338 42.0209       1.6581667445
339 40.4717       0.7402718934
340 39.4318       0.7432212097
