#str         HOA (kJ/mol)          error (kJ/mol)   
0 40.979       0.2942960080
1 36.3194       0.4853465401
2 38.9368       1.0196519263
3 41.1046       0.4578229812
4 35.1408       0.3232925160
5 37.4558       1.1193417046
6 41.4471       1.0044088205
7 42.3723       1.8357179812
8 39.8154       0.9840429253
9 38.4336       0.7500771980
10 40.9294       2.2100978236
11 40.1123       0.5014309074
12 39.5459       1.5308438008
13 37.8035       0.5294293164
14 39.3913       0.4412285789
15 39.9283       0.7751743137
16 39.6397       0.6590988043
17 37.2769       0.4996693194
18 43.0063       0.5086710981
19 39.3718       1.5229146199
20 41.0462       0.4542679986
21 40.8599       0.3490522620
22 40.1421       0.3447399629
23 40.4919       0.4287511005
24 40.9481       0.9276093005
25 39.983       0.3844817062
26 39.3477       0.9091462624
27 39.2886       0.5929957320
28 40.7685       1.2631707317
29 44.1031       0.7297686269
30 42.7415       1.0475499038
31 42.4757       0.7009320087
32 41.0825       1.2844414358
33 43.0512       1.5271110153
34 42.1439       2.0333176421
35 42.0057       0.9272412401
36 43.4634       0.5182696017
37 41.7256       0.9534211228
38 42.6043       0.7027520674
39 40.9236       0.8729611033
40 41.6785       0.9087318109
41 41.7068       0.4686169685
42 41.3764       0.4161679551
43 41.649       0.3399983460
44 41.6033       0.7200655451
45 42.5349       0.7724462448
46 46.2604       1.1229724121
47 44.1587       1.0978228095
48 45.2726       3.6225416961
49 44.0815       0.8694271676
50 43.0031       2.1177478622
51 44.2468       0.6295479604
52 42.2459       1.2736953002
53 43.5238       0.8622941004
54 43.6533       1.6869970049
55 42.8005       0.4944743976
56 43.635       0.4311280024
57 43.2395       1.2481045492
58 46.0817       1.9141151496
59 41.2091       0.3843657611
60 45.4838       0.6704621921
61 42.8793       1.3733368682
62 43.7202       1.3376937918
63 46.3799       0.8870920108
64 46.1406       2.7075502702
65 45.9713       1.3422092431
66 43.3353       1.5016814537
67 43.7189       1.8179301099
68 43.0464       2.4129100230
69 51.5703       6.6266509674
70 43.3349       1.2288117642
71 43.8745       1.7174583890
72 44.8544       1.8367264480
73 43.9386       2.4606302145
74 45.9287       0.5587187078
75 47.3281       1.2047929863
76 44.7817       1.3411268262
77 45.4611       0.9733189942
78 48.8269       2.0254614277
79 45.5723       1.6122955605
80 48.8222       2.6422436608
81 50.0358       0.9946602117
82 46.3516       3.1586747779
83 53.013       5.2196860727
84 52.9235       1.8431614678
85 48.9196       0.4685934852
86 47.6946       1.4427908235
87 48.0222       1.5291334259
88 47.1369       2.4832096677
89 47.4652       3.8134435443
90 53.7305       4.2010162952
91 51.7491       3.3435992852
92 47.7286       2.4752290814
93 51.411       1.3754591250
94 45.0951       3.0330849294
95 46.3304       1.9721633282
96 53.0644       3.6004311981
97 50.5668       1.2378225302
98 49.2372       1.9841574088
99 45.7717       1.5680338010
100 55.77       2.6702161342
101 57.1538       7.6029462514
102 46.3916       5.5722131525
103 49.1818       0.5805845832
104 54.1399       2.1693241381
105 48.3077       5.1413164806
106 47.912       1.5213929880
107 52.9955       3.3191560157
108 56.9066       4.9903852625
109 49.5862       2.7345676249
110 48.122       2.1394961835
111 53.0979       2.8049021919
112 45.7291       0.7800913246
113 51.1144       2.4080545378
114 59.9766       1.8837834982
115 64.3136       4.8736715958
116 54.7329       2.3274232439
117 46.3099       2.3282288969
118 45.4412       3.0616917732
119 50.2998       3.4169114851
120 53.2092       2.3844916625
121 49.5544       3.7841907272
122 52.2043       4.7080238425
123 54.968       4.0080339015
124 50.2563       4.3511894039
125 53.4128       11.2441925870
126 51.0228       8.5693718952
127 53.2875       3.4493686383
128 57.7119       2.9224349393
129 59.2047       2.7917940478
130 53.9914       2.1567452740
131 46.2107       1.2942219740
132 51.7441       6.0678259471
133 58.1191       6.1489768423
134 48.8502       2.2993206234
135 57.625       3.3378118856
136 58.0577       3.1358890332
137 59.2626       6.8756951925
138 55.6808       1.8917670240
139 49.3919       2.0341106683
140 54.6886       2.6157059017
141 57.5485       0.7333038439
142 48.011       9.8459961115
143 52.9142       4.3550865441
144 53.0123       1.3163521071
145 53.3209       2.9554440319
146 63.7235       7.8567287441
147 51.3582       4.0875782356
148 60.9946       6.1638979984
149 46.9467       2.9239986846
150 48.7051       2.9664894124
151 57.3265       7.4523863199
152 61.2047       3.7080199696
153 56.8361       5.6317500773
154 44.9458       17.8021755746
155 53.8508       1.3390430005
156 58.5352       13.4523359575
157 57.4266       5.6729374083
158 60.8742       0.9173199706
159 52.2536       12.2666811046
160 55.8469       7.3868560388
161 51.3781       4.5499174449
162 49.3347       6.9036017233
163 59.312       6.3183184029
164 60.1288       4.2348588323
165 64.8374       5.0524665342
166 50.5782       2.4679612467
167 60.7863       1.6305289203
168 52.1712       7.0847502582
169 60.896       4.1288274350
170 56.1242       1.2127552465
171 57.0636       1.0253987978
172 51.6028       4.2962498649
173 53.9854       3.9094973929
174 68.9077       7.0603095308
175 59.1703       5.6647993749
176 54.9116       6.7298096677
177 60.1416       5.1176013302
178 61.5367       8.0803570214
179 49.6436       2.7793176525
180 55.4875       4.9372510499
181 55.5466       2.1421836210
182 63.6753       4.9705534256
183 51.7708       8.0742278763
184 55.4017       2.3360541004
185 56.234       8.8342165446
186 58.5002       5.4969488993
187 56.1951       3.9082519046
188 66.4851       12.2790356295
189 52.1194       1.9231579936
190 58.4897       9.8857175477
191 63.7326       6.8133518808
192 65.2437       6.0991558125
193 67.2198       9.3881899292
194 49.7347       1.4365556192
195 61.5738       18.5239779811
196 56.8284       5.5004626572
197 62.2276       2.1087635878
198 52.7124       13.5715588847
199 57.4525       2.5581747097
200 59.7063       3.1700319534
201 58.1214       1.5251449541
202 56.1051       11.4581296458
203 63.434       1.9020171603
204 59.9067       4.8498107871
205 58.6451       5.6303836173
206 57.0852       1.2938286170
207 56.5083       1.7855426632
208 60.6575       3.2087094633
209 53.9438       3.0605209838
210 64.2101       1.8026040573
211 62.5264       1.9492857546
212 54.6428       8.9089277283
213 56.4472       2.4965564316
214 59.3313       10.5694118581
215 56.5169       2.1057071671
216 62.6591       7.1575954866
217 65.1833       8.7375219420
218 54.8604       3.5367024998
219 59.7368       0.9397939754
220 52.9116       6.0785511890
221 58.5701       5.2138184428
222 56.7804       7.8569696594
223 69.7703       9.5602829581
224 63.9025       14.2944623583
225 57.05       4.8523129373
226 65.7216       6.2173124931
227 59.9253       5.5544261275
228 62.5441       7.4945312249
229 63.528       28.0652352608
230 64.5004       6.5002405441
231 55.8096       1.3978177602
232 60.526       16.0588687120
233 56.9183       6.9251976184
234 55.8169       4.0443949059
235 57.4353       3.9600230618
236 66.3547       4.0115368520
237 58.7578       9.3571398460
238 50.1491       9.9786290528
239 57.1363       6.3602969968
240 59.855       3.1554269603
241 55.1204       1.8214562723
242 62.0951       6.7136891911
243 65.033       9.7934416144
244 58.2339       2.3295219639
245 61.4216       6.6543830894
246 54.8806       1.9375963757
247 61.7293       3.4861763046
248 71.3299       6.4354554313
249 60.9365       7.1950162041
250 64.518       4.4291253482
251 64.3371       3.5942447967
252 66.4308       12.0941166611
253 62.4555       5.6318354862
254 51.2964       8.9502706426
255 62.5501       3.9328812676
256 63.2549       2.6460265491
257 63.8878       5.8664188642
258 62.9823       9.8997486703
259 61.067       1.3928754886
260 57.1137       8.8473327111
261 53.9907       10.7359405606
262 60.119       3.3611149953
263 60.7391       4.0541026674
264 50.3462       6.6108231538
265 47.7155       3.3651492581
266 58.4868       4.3439012859
267 61.6524       7.3571758675
268 59.5959       4.1671749554
269 66.7427       3.8072371697
270 61.2382       7.6540680970
271 65.295       2.6812530267
272 65.1486       6.2014555645
273 63.8089       4.7904888786
274 63.486       2.9107446479
275 61.0103       11.5645053254
276 61.1327       3.9227061158
277 59.1084       2.3649257693
278 68.3683       7.6118735983
279 69.7721       9.2144956688
280 64.6701       5.5125587197
281 59.2879       3.7139480460
282 63.9261       8.7261278694
283 67.0396       15.1614987349
284 71.0199       3.3981480689
285 62.7952       5.5574071690
286 68.684       9.5792185868
287 60.8533       3.6275174540
288 59.6355       9.6895802351
289 61.9737       6.0625235246
290 61.9283       3.2757399495
291 60.0629       11.5377807204
292 61.6592       4.6651086312
293 58.3498       8.6950352579
294 54.3498       9.9925369951
295 66.9701       1.9564616980
296 60.6968       2.3590275090
297 61.6099       4.8317134704
298 64.9783       4.9779250260
299 55.7996       4.8904348433
300 60.768       12.6145961092
301 53.6403       6.7636859853
302 52.2515       3.6162141405
303 68.8282       8.1040679965
304 58.5019       4.8723793968
305 60.3703       4.3794434045
306 60.822       5.8480110026
307 61.2747       2.8059236089
308 58.1662       7.7291088986
309 60.6878       3.4856695722
