#str         HOA (kJ/mol)          error (kJ/mol)   
0 29.9917       0.3902427086
1 31.5016       0.2745669467
2 28.3931       2.8946036881
3 28.162       1.2961682859
4 32.4285       0.7107632020
5 29.5657       0.6262492403
6 28.7501       0.4561378201
7 31.833       0.4190108403
8 27.5645       0.1963280986
9 31.1053       0.1892865040
10 31.7474       0.5376389197
11 29.1284       0.5832937022
12 32.5722       0.6144120921
13 31.5658       0.8053632818
14 30.471       0.5413574767
15 28.8918       0.6295676024
16 31.8357       1.0387725390
17 31.3568       0.4498820412
18 31.162       0.4095419460
19 27.5013       0.3582598442
20 31.1223       0.6529494419
21 31.2452       1.1038302976
22 31.1055       0.4266448240
23 32.3875       0.4636894948
24 31.1526       0.5355477685
25 31.2311       0.7650394364
26 31.0723       0.5128030744
27 30.3328       0.7991489322
28 34.4561       0.6758679411
29 31.3759       0.4087254539
30 30.0905       0.5660570710
31 33.3862       0.8405491060
32 33.0621       0.4858959930
33 33.1865       1.0891585147
34 33.8       0.5028312449
35 30.2297       0.4213228074
36 34.1832       0.7350449989
37 30.5772       0.6560380156
38 30.415       0.3625852416
39 32.9       0.7412228374
40 33.1022       0.9740329821
41 33.5742       0.1567428020
42 33.1819       1.3999922154
43 32.7597       1.3478312048
44 32.1348       1.4624449146
45 33.3529       0.3467468971
46 32.7316       0.8552228447
47 34.3824       0.5307006158
48 33.3525       1.0780086182
49 34.7806       0.4253655454
50 34.797       0.5336839535
51 35.2247       0.7069186693
52 36.0638       1.0090157065
53 35.6112       0.4636342524
54 35.1881       0.9435259134
55 35.2342       0.6722889563
56 34.0571       0.8483534964
57 35.3187       0.8519438021
58 34.7748       0.3272537572
59 36.455       0.7293757831
60 35.025       0.2880049474
61 37.3476       0.7949034400
62 38.1306       0.8322182465
63 35.0723       0.7731445835
64 36.2906       0.3493321317
65 36.8057       1.0491504217
66 35.7135       0.7697194534
67 35.141       0.7104066592
68 35.5126       0.3704989553
69 36.422       0.3798216987
70 39.2207       1.1608710733
71 36.6155       0.5204482125
72 35.0266       1.1463644790
73 35.5864       0.8790777473
74 38.7254       0.8200915217
75 35.1602       0.5149574911
76 36.2751       0.2642607016
77 36.8897       0.7911032920
78 36.7192       1.3026095244
79 36.7692       0.8691342180
80 37.4801       0.7579573132
81 37.4761       0.7567842272
82 36.2469       0.4812011904
83 37.6155       0.9934937196
84 38.288       0.8305414170
85 35.6758       1.1080584726
86 37.2023       0.9394048149
87 38.6377       1.2263743095
88 38.2475       0.8596980895
89 37.1422       0.6039695173
90 39.2356       1.5742471755
91 38.7278       0.4732891047
92 41.8238       1.5296122556
93 38.7394       0.9235517648
94 42.8011       1.1482874195
95 38.3063       0.4978270214
96 39.9625       0.5944967716
97 38.5334       0.9223581954
98 38.4081       0.2545237734
99 40.4143       1.4099020354
100 42.4933       1.0434289881
101 39.6677       0.8356720556
102 37.6267       0.9582597910
103 40.6213       0.4600530669
104 39.6792       0.5445249675
105 41.5989       1.1516791317
106 36.0725       1.1588912583
107 38.9993       0.2611138775
108 39.9355       1.1129953706
109 39.386       1.1845970169
110 45.4227       2.1177584791
111 42.1119       1.6521552593
112 39.9613       1.3406784197
113 37.1871       2.9021003219
114 41.6671       1.4118072905
115 41.9945       0.1859590104
116 39.4359       0.6706803095
117 42.3909       0.6533827926
118 44.0912       2.3224199832
119 41.5455       0.7832904262
120 41.2904       2.1104854901
121 41.2792       0.5604246832
122 40.7697       1.1792948161
123 40.8678       0.8483895517
124 42.564       0.5651836637
125 41.6986       0.3838495405
126 42.6968       1.2121249951
127 40.3401       0.5011273523
128 41.1511       0.7819804348
129 41.4497       1.3789422905
130 40.6452       2.2855855121
131 40.1451       0.8968015280
132 40.0198       0.5680594656
133 42.9809       0.5531025918
134 44.7473       0.9604146914
135 43.4083       1.7906407968
136 42.6798       1.6088755903
137 43.3339       0.5753785198
138 42.5949       1.1252283103
139 44.6944       0.9753994093
140 43.9226       1.0780116542
141 43.5902       1.3285433082
142 42.9241       0.9701010018
143 43.4908       0.6591749686
144 40.6588       0.4186686281
145 43.8035       1.4379091222
146 43.3527       1.5628715142
147 42.1875       1.1006955662
148 45.2058       1.8954190186
149 43.7943       1.1591934447
150 44.0481       0.4206490425
151 44.7962       0.4429983798
152 42.8939       1.5513803943
153 42.9081       1.4599900778
154 44.3439       1.0349769423
155 44.5509       1.3384391148
156 44.6985       3.0623391485
157 42.7082       1.1483320347
158 46.2121       0.8231403529
159 42.9613       0.2788744904
160 49.6644       2.4124304067
161 45.3699       1.6286895912
162 44.2239       1.7268034420
163 47.2578       0.4598468725
164 50.4669       2.1599789225
165 47.1161       1.7775395124
166 45.7552       1.1631612292
167 44.9415       1.0641710315
168 46.6227       1.1140108348
169 50.5627       3.1380563769
170 47.3534       0.7233628783
171 44.9728       1.5709260651
172 44.5591       1.6964252884
173 48.4204       1.7455788334
174 47.214       2.1460070357
175 46.068       0.5167688083
176 45.0232       0.9376724819
177 46.2662       1.2872245518
178 48.7281       3.3073653373
179 48.1168       1.5742614960
180 46.2433       1.0765849989
181 48.4108       0.7044093179
182 50.804       2.1061077640
183 48.8384       0.8875204252
184 47.3077       3.3692787110
185 48.5516       1.5718969565
186 45.175       2.0805110887
187 48.7394       1.0900086884
188 47.1756       2.1207047065
189 50.5512       2.9826723495
190 47.2514       1.1726274642
191 49.3119       1.3152129141
192 45.5565       2.8612497188
193 47.3496       4.1870685028
194 50.1688       2.9129989040
195 47.9535       3.4444877581
196 49.0069       1.3412729750
197 49.0823       1.0687839164
198 49.9422       2.3215836210
199 53.7742       2.0838876304
200 48.4697       1.1231135381
201 49.9269       2.7156870064
202 50.5407       2.1432268840
203 51.0619       2.9996609824
204 48.3851       1.8669216789
205 47.6219       0.4835797497
206 50.1451       2.1054614419
207 49.5425       1.6219698188
208 50.2585       1.5366479963
209 52.0963       2.1571737335
210 49.467       1.7860842546
211 50.6112       0.8747160247
212 49.896       1.4932011795
213 49.373       0.9368254224
214 49.4132       0.5274914735
215 49.5496       1.0453465365
216 51.1304       3.3412506588
217 49.2156       3.3369106247
218 46.7003       1.8136296615
219 50.0329       1.3076963539
220 51.4662       2.7391454804
221 49.0865       1.9581914588
222 49.7477       1.6862879217
223 50.366       1.7365063408
224 50.2504       1.8445450957
225 50.3864       1.5120760212
226 51.1665       1.3022164446
227 49.1449       1.9830479863
228 50.9003       3.2290236687
229 49.5939       1.3953881007
230 49.7825       2.0500342159
231 52.1653       1.9740656221
232 50.3092       0.8385227723
233 51.1912       1.6004053841
234 50.658       1.8052580505
235 49.3261       0.7011532819
236 49.9774       3.3150288298
237 51.83       2.4265007870
238 50.5749       1.8796465290
239 50.2266       1.0177027891
240 51.7036       1.6208524037
241 50.7664       0.7691486404
242 50.7004       1.1189982187
243 50.9453       1.7508112502
244 52.4575       3.1420461155
245 51.1114       1.4626995929
246 53.3235       1.8568426059
247 51.0343       2.3152177107
248 50.8346       1.7231304197
249 50.4076       1.7224045436
250 54.143       3.4466882383
251 53.2276       1.2748775383
252 50.9768       2.2376610591
253 56.4534       4.1375817451
254 53.5781       2.6072431044
255 53.0467       2.6051512636
256 53.0492       1.7354040713
257 49.5015       0.7575869624
258 51.7357       1.6180590745
259 54.9558       1.8746508044
