#str         Henry coeff (mol/kg/Pa)          error (mol/kg/Pa)   
0        0.000231348       8.87072e-06
1        0.00183544       0.000354566
2        0.000487672       1.69144e-05
3        0.000994832       4.23197e-05
4        0.000544891       5.7597e-06
5        0.000336822       1.97964e-05
6        0.000501867       9.56453e-06
7        0.00113279       8.62007e-05
8        0.000288695       7.46597e-06
9        0.0008876       3.87185e-05
10        0.000197471       1.00916e-05
11        0.00106474       7.51418e-05
12        0.000364352       5.14091e-06
13        0.00177008       5.60632e-05
14        0.000257787       7.17666e-06
15        0.00132493       0.000129036
16        0.00158331       0.000106055
17        0.000526548       5.00864e-05
18        0.000281637       5.49619e-06
19        0.00029615       6.48123e-06
20        0.0016294       9.37812e-05
21        0.00049       3.95211e-05
22        0.00129777       5.81214e-05
23        0.000639813       0.000103223
24        0.00129151       8.1875e-05
25        0.00142763       7.56562e-05
26        0.000436717       4.08455e-05
27        0.00081955       2.52656e-05
28        0.00076059       7.78565e-05
29        0.000886222       8.95374e-05
30        0.00084531       2.5035e-05
31        0.000411717       4.15321e-05
32        0.000159166       7.70707e-06
33        0.00225139       0.000237385
34        0.000786519       2.55369e-05
35        0.000773932       1.49686e-05
36        0.000835601       3.55972e-05
37        0.000562493       2.74839e-05
38        0.00135743       0.000131456
39        0.0011508       6.07245e-05
40        0.00100251       0.000103656
41        0.000446018       2.77696e-05
42        0.000624069       3.9686e-05
43        0.000376471       9.25538e-06
44        0.00105557       5.78369e-05
45        0.000516661       1.64749e-05
46        0.000121543       1.43183e-06
47        0.000121208       6.38006e-07
48        0.000202089       2.89715e-06
49        0.000164543       4.09821e-06
50        0.000856368       2.02953e-05
51        0.000182741       3.38323e-06
52        0.000739082       5.96928e-05
53        0.000143827       1.18513e-06
54        0.000620846       4.94427e-05
55        0.000770762       2.99142e-05
56        0.000359225       7.07033e-06
57        0.00043841       9.3851e-06
58        0.000219429       1.33171e-05
59        0.000121347       3.92622e-07
60        0.000702835       3.29152e-05
61        0.000780759       8.73557e-05
62        0.0011693       0.000182528
63        0.000824059       1.53301e-05
64        0.000225479       9.85835e-06
65        0.000264587       7.65455e-06
66        0.000778845       2.65144e-05
67        0.000407249       3.20402e-05
68        0.000657577       5.6763e-05
69        0.000380412       4.63231e-05
70        0.000761771       1.23475e-05
71        0.00043642       3.30096e-05
72        0.000356748       4.06415e-05
73        0.000216556       5.59166e-06
74        0.000562921       6.41071e-05
75        0.00100226       1.59873e-05
76        0.000144596       2.3535e-06
77        0.000242462       4.36162e-05
78        0.000256315       1.06633e-05
79        0.00021071       3.64199e-06
80        0.000426356       1.59334e-05
81        0.00155092       0.000155439
82        0.000337152       2.07986e-05
83        0.00069294       2.43809e-05
84        0.000779103       4.17901e-05
85        0.000539415       8.73632e-05
86        0.000624162       2.26732e-05
87        0.000711026       4.42217e-05
88        0.00122762       4.00254e-05
89        0.000903773       6.52357e-05
90        0.000755381       7.52215e-05
91        0.000246766       1.29526e-05
92        0.000886522       3.03953e-05
93        0.000500124       1.02498e-05
94        0.000857747       5.94946e-05
95        0.000273338       3.43816e-05
96        0.000493257       2.9507e-05
97        0.000616722       4.61469e-05
98        0.000316249       5.45679e-06
99        0.000142329       2.30623e-06
100        0.00067976       5.18568e-05
101        0.000482796       1.00326e-05
102        0.000606935       1.31445e-05
103        0.000605978       1.67327e-05
104        0.000274821       5.37684e-05
105        0.0010363       1.70514e-05
106        0.00105229       4.49972e-05
107        0.000710689       1.47347e-05
108        0.000826245       5.20262e-05
109        0.000265914       5.03267e-05
110        0.000778416       4.35834e-05
111        0.000633633       4.75083e-05
112        0.000289951       3.93809e-06
113        0.000236939       4.24885e-06
114        0.000262986       3.67908e-05
115        0.000999098       2.31323e-05
116        0.000298118       2.8951e-05
117        0.000468597       1.59214e-05
118        0.000479425       1.77977e-05
119        0.000789187       4.3331e-05
120        0.000615704       2.22414e-05
121        0.000614881       1.29576e-05
122        0.000762519       1.69904e-05
123        0.000616651       2.53887e-05
124        0.000483397       2.67801e-05
125        0.000289186       3.23232e-05
126        0.000304977       2.70867e-05
127        0.000275935       2.42021e-05
128        0.00100751       4.56761e-05
129        0.00026833       8.94267e-06
130        0.000643623       1.29156e-05
131        0.000302273       1.29837e-05
132        0.000775464       2.94351e-05
133        0.00102709       2.46007e-05
134        0.000583501       1.2774e-05
135        0.000243952       1.77193e-05
136        0.000288786       5.54874e-05
137        0.000626647       1.21974e-05
138        0.00060331       5.55094e-06
139        0.000470721       1.57051e-05
140        0.00105304       4.15018e-05
141        0.00064934       4.56033e-05
142        0.000664744       9.20112e-05
143        0.000603066       5.41851e-05
144        0.000607622       3.89534e-05
145        0.000482123       1.84287e-05
146        0.000677818       2.46508e-05
147        0.000743851       1.59582e-05
148        0.000617794       5.11315e-05
149        0.000250302       2.56282e-05
150        0.000732093       4.47018e-05
151        0.00128989       0.000116721
152        0.000675036       0.000112917
153        0.000574815       8.05915e-06
154        0.000687027       5.93241e-05
155        0.000959117       0.000102448
156        0.000924988       3.17526e-05
157        0.000956418       5.56901e-05
158        0.000670982       9.54225e-06
159        0.00118215       5.95433e-05
160        0.000979364       5.39732e-05
161        0.000345445       3.19062e-05
162        0.000325958       2.59453e-05
163        0.00102632       2.83231e-05
164        0.000370887       4.33719e-05
165        0.00070969       6.36793e-05
166        0.000993741       3.31354e-05
167        0.000980954       1.32892e-05
168        0.000358045       4.89832e-05
169        0.000434567       1.83063e-05
170        0.000663124       5.16465e-05
171        0.000361253       5.89638e-05
172        0.000312751       2.08795e-05
173        0.000696686       7.22945e-05
174        0.000987881       1.4117e-05
175        0.000579169       1.91603e-05
176        0.000940282       5.97765e-05
177        0.000753545       6.51064e-05
178        0.000337207       3.64816e-05
179        0.00127623       0.00011893
180        0.00059332       4.04442e-05
181        0.000333907       2.02935e-05
182        0.000700238       1.78967e-05
183        0.000378322       2.48576e-05
184        0.000731889       3.38477e-05
185        0.000578025       7.39736e-06
186        0.000310012       2.02745e-05
187        0.000595513       2.97665e-05
188        0.000786552       1.4042e-05
189        0.000725543       6.00496e-05
190        0.000698013       6.94261e-05
191        0.000401471       2.92625e-05
192        0.000339942       1.06929e-05
193        0.000721484       4.62891e-05
194        0.00101267       0.000217785
195        0.00064795       4.05153e-05
196        0.000682101       4.33968e-05
197        0.000808419       2.33349e-05
198        0.000314626       4.65706e-05
199        0.000578806       1.0298e-05
200        0.000578788       2.15618e-05
201        0.000868255       4.32362e-05
202        0.00108055       3.93132e-05
203        0.00121073       6.6712e-05
204        0.00125484       4.85484e-05
205        0.00101904       0.000169077
206        0.000589209       3.46866e-05
207        0.000891769       3.04662e-05
208        0.000980904       3.56013e-05
209        0.000989368       7.9821e-05
210        0.00103959       3.42633e-05
211        0.00118405       0.000145469
212        0.000722145       3.85519e-05
213        0.000985714       1.32992e-05
214        0.000968612       2.4568e-05
215        0.000985421       1.2388e-05
216        0.000921496       5.2815e-05
217        0.00059737       2.39678e-05
218        0.00115783       6.78709e-05
219        0.000941589       3.51064e-05
220        0.000711132       1.48304e-05
221        0.00036899       2.43993e-05
222        0.00105271       0.000122028
223        0.000522113       1.93666e-05
224        0.00070007       3.33076e-05
225        0.0010704       1.74945e-05
226        0.00102683       0.000132151
227        0.00106701       0.000125671
228        0.00073096       3.54026e-05
229        0.000872035       4.48987e-05
230        0.000743233       4.01748e-05
231        0.000991482       1.32796e-05
232        0.000974057       1.14479e-05
233        0.000584592       1.86201e-05
234        0.000681205       2.23917e-05
235        0.00100116       2.96579e-05
236        0.00107727       6.25641e-05
237        0.000956841       0.000200281
238        0.000392135       2.83818e-05
239        0.000969836       1.04057e-05
240        0.000575677       2.9037e-05
241        0.000944284       6.52577e-05
242        0.000838748       3.07427e-05
243        0.00098441       4.34528e-05
244        0.00036758       2.93616e-05
245        0.00126107       8.58456e-05
246        0.000575282       3.0498e-05
247        0.000514317       1.04324e-05
248        0.00036853       2.46766e-05
249        0.000972148       1.72864e-05
250        0.000519034       2.91487e-05
251        0.000855948       3.16769e-05
252        0.000316201       3.84124e-06
253        0.000268041       2.89008e-06
254        0.000187562       4.53826e-06
255        0.000858338       4.28694e-05
256        0.000278873       1.05751e-05
257        0.000287192       1.13379e-05
258        0.00091035       0.000111368
259        0.000897623       3.39245e-05
260        0.000305861       1.75404e-05
261        0.000882642       9.59682e-05
262        0.00063694       2.05025e-05
263        0.000402453       9.6995e-06
264        0.000293036       1.37417e-05
265        0.000275785       3.97788e-06
266        0.000186221       9.09975e-06
267        0.000613644       2.23443e-05
268        0.000266138       8.54781e-06
269        0.000651016       3.19578e-05
270        0.000292534       1.55353e-05
271        0.000398957       1.33264e-05
272        0.000634433       2.88394e-05
273        0.00019187       9.43321e-06
274        0.000394368       1.59823e-05
275        0.000190176       5.90935e-07
276        0.00027623       1.01524e-05
277        0.000573183       6.60618e-05
278        0.00018888       4.39181e-06
279        0.000271049       1.03838e-05
280        0.000859836       4.90915e-05
281        0.000276694       9.26828e-06
282        0.000312762       4.1147e-06
283        0.000185965       2.70993e-06
284        0.000289903       3.12315e-05
285        0.000283618       1.12047e-05
286        0.000296656       1.47503e-05
287        0.000296252       2.36915e-05
288        0.000664851       7.21436e-05
289        0.000666292       6.56888e-05
290        0.000278408       1.4959e-05
291        0.00039679       5.11166e-06
292        0.000300918       3.86876e-05
293        0.000631675       3.12239e-05
294        0.000277363       7.51814e-06
295        0.000303659       1.89629e-05
296        0.000189233       6.14502e-06
297        0.000405921       1.53968e-05
298        0.000625759       4.3954e-05
299        0.000288623       3.47637e-05
300        0.0016812       8.13277e-05
301        0.00143419       7.21106e-05
302        0.00194261       3.80143e-05
303        0.00111375       7.30743e-05
304        0.0012657       5.12596e-05
305        0.00113081       9.37267e-05
306        0.00127982       3.91582e-05
307        0.00158895       4.78503e-05
308        0.00128094       6.11782e-05
309        0.00146529       6.54686e-05
310        0.00106179       2.56897e-05
311        0.00112474       4.22581e-05
312        0.00107161       2.69238e-05
313        0.00144678       7.07402e-05
314        0.00096497       2.33188e-05
315        0.00155848       7.37444e-05
316        0.00182386       5.45532e-05
317        0.00137843       3.28609e-05
318        0.00153787       3.77632e-05
319        0.0010312       3.51754e-05
320        0.0014222       6.61444e-05
321        0.000961424       3.80048e-05
322        0.00179574       3.80003e-05
323        0.00119064       8.48855e-05
324        0.00111294       4.70176e-05
325        0.0012145       2.85743e-05
326        0.0015966       1.37979e-05
327        0.00126508       1.63059e-05
328        0.00157981       4.7302e-05
329        0.00143978       6.21529e-05
330        0.00117975       5.33481e-05
331        0.000825785       3.64974e-05
332        0.00157593       3.77116e-05
333        0.00153964       2.01958e-05
334        0.00176386       0.000130603
335        0.00162678       4.77446e-05
336        0.00213863       8.34716e-05
337        0.00159231       6.89525e-05
338        0.00151502       3.36906e-05
339        0.00145158       8.86946e-05
340        0.00155621       0.000110445
341        0.00172116       9.84049e-05
342        0.00120705       7.2563e-05
343        0.0015482       5.44622e-05
344        0.0014       5.80626e-05
345        0.00132282       9.68041e-05
346        0.00123832       9.25365e-05
347        0.00193918       2.63926e-05
348        0.00134422       5.4265e-05
349        0.0013174       4.31643e-05
350        0.00242388       3.14733e-05
351        0.0020038       5.45038e-05
352        0.00161106       6.50278e-05
353        0.00216692       4.18577e-05
354        0.00182048       9.29002e-05
355        0.00218241       7.33627e-05
356        0.00208311       5.72908e-05
357        0.0015892       8.29227e-05
358        0.00232055       5.17356e-05
359        0.00204379       2.22019e-05
360        0.00152824       7.85466e-05
361        0.00229322       0.000102293
362        0.00246512       0.000115097
363        0.00157369       0.000117864
364        0.00180252       3.66737e-05
365        0.00195537       9.78567e-05
366        0.00256413       9.04222e-05
367        0.00286546       0.000129174
368        0.00194101       0.000146418
369        0.0024301       5.55228e-05
370        0.00202452       6.87851e-05
371        0.00135621       6.65482e-05
372        0.00198628       5.65702e-05
373        0.0020652       2.02074e-05
374        0.00179415       5.65075e-05
375        0.00220696       6.31053e-05
376        0.00227519       0.000100127
377        0.00193626       2.45947e-05
378        0.00184347       5.48915e-05
379        0.00225892       3.13189e-05
380        0.00165709       6.72184e-05
381        0.00186448       5.94494e-05
382        0.00163518       8.76403e-05
383        0.00166578       3.44455e-05
384        0.00264045       7.83749e-05
385        0.00190746       7.12433e-05
386        0.00230535       1.73037e-05
387        0.00271111       0.000179133
388        0.00223028       6.8173e-05
389        0.00226007       0.000152118
390        0.00172508       5.28343e-05
391        0.00208517       0.00010365
392        0.00208577       6.7014e-05
393        0.00177113       9.07039e-05
394        0.00290983       6.08664e-05
395        0.00170766       4.66965e-05
396        0.00255656       0.000126761
397        0.00324142       0.000110932
398        0.00201457       6.72063e-05
399        0.00255094       0.000181551
400        0.00264463       0.000136233
401        0.00373388       0.000232613
402        0.00237668       0.000108886
403        0.00168939       3.48766e-05
404        0.00311608       9.91776e-05
405        0.00131328       1.92003e-05
406        0.00289647       9.76811e-05
407        0.00217876       4.68e-05
408        0.00281203       0.000111421
409        0.00317505       0.000182984
410        0.00156693       2.58807e-05
411        0.00278722       0.000211768
412        0.0041331       0.000114081
413        0.00207059       9.66619e-05
414        0.00282982       0.000190506
415        0.00280427       0.000120695
416        0.0019397       9.04953e-05
417        0.00273757       0.000190092
418        0.00167299       0.000101053
419        0.00268224       7.25386e-05
420        0.00287646       9.99977e-05
421        0.00308505       0.000161854
422        0.00239505       0.000112043
423        0.00214205       9.30182e-05
424        0.00388568       6.82319e-05
425        0.00218799       0.000124034
426        0.00363076       0.000112326
427        0.00203098       0.000151865
428        0.003341       9.01128e-05
429        0.00292476       0.000114563
430        0.00237969       9.15453e-05
431        0.00242367       2.45056e-05
432        0.00373504       0.000199027
433        0.00308042       0.000131118
434        0.00328594       0.000202968
435        0.00228041       7.09158e-05
436        0.00220252       0.00015207
437        0.00225344       0.00016445
438        0.00229361       9.20289e-05
439        0.00276417       8.41204e-05
440        0.00246225       0.000143222
441        0.00253436       0.000114306
442        0.00211333       5.62797e-05
443        0.00340292       0.000249507
444        0.00340049       0.000192274
445        0.00268423       0.000155268
446        0.00169116       3.58193e-05
447        0.00243526       3.02159e-05
448        0.00295444       8.08533e-05
449        0.00303255       0.000199914
450        0.00124337       3.07907e-05
451        0.00130592       9.99548e-05
452        0.000997481       4.0063e-05
453        0.00086574       4.34262e-05
454        0.0008362       5.6924e-05
455        0.00110454       5.04801e-05
456        0.000792488       4.54851e-05
457        0.000678108       5.90531e-05
458        0.00114226       2.23972e-05
459        0.00140095       4.50337e-05
460        0.00103286       8.30428e-05
461        0.000665957       1.48247e-05
462        0.000710334       2.16958e-05
463        0.000753572       1.79805e-05
464        0.000895753       3.19477e-05
465        0.00161414       3.12083e-05
466        0.000676352       2.01665e-05
467        0.000948915       4.87343e-05
468        0.00116158       5.02177e-05
469        0.00107145       3.9238e-05
470        0.00106507       3.54953e-05
471        0.0015851       9.69749e-05
472        0.000965123       3.59879e-05
473        0.00153001       2.30786e-05
474        0.00172949       8.09989e-05
475        0.0012096       6.19926e-05
476        0.00149189       7.32694e-05
477        0.00113998       6.07029e-05
478        0.000857883       3.31394e-05
479        0.000977983       4.03708e-05
480        0.000926939       1.47135e-05
481        0.000735444       3.6939e-05
482        0.00137561       5.78431e-05
483        0.00117097       1.61519e-05
484        0.0017687       4.39576e-05
485        0.0015798       4.03118e-05
486        0.00086695       3.70002e-05
487        0.00150999       4.60471e-05
488        0.000925756       3.92434e-05
489        0.00137426       5.09222e-05
490        0.00140328       5.50991e-05
491        0.000831172       3.61554e-05
492        0.00136092       8.1397e-05
493        0.000964204       2.75896e-05
494        0.000726315       1.93974e-05
495        0.00102868       2.09353e-05
496        0.000884341       4.22476e-05
497        0.000660124       2.13286e-05
498        0.000983061       5.26062e-05
499        0.00118768       3.97749e-05
