#str         HOA (kJ/mol)          error (kJ/mol)   
0 33.6832       0.6064307762
1 44.5134       1.6730511463
2 37.9       0.9623040476
3 41.3429       0.7291755218
4 39.1534       0.7431949679
5 36.1956       0.2374269633
6 38.6422       0.4731069926
7 43.2319       2.0736727986
8 34.1657       0.2372264288
9 42.1868       1.2747535268
10 33.2668       0.2349920409
11 42.4694       0.9853510945
12 36.497       0.5997423507
13 45.7129       2.4086384902
14 34.7606       0.7413475751
15 44.0579       1.9831625460
16 44.9287       1.7697694078
17 38.6494       2.4336449373
18 34.6407       0.1631567255
19 35.4149       0.9871070799
20 44.41       1.0911678161
21 39.8881       0.8373685498
22 42.7399       1.0577718629
23 45.1607       2.7406598866
24 44.7588       1.0001962855
25 42.3846       0.6478145130
26 38.5332       2.8757051432
27 43.7734       1.0373011100
28 44.3741       2.7596014845
29 43.0825       2.3538434896
30 40.8711       1.7050052409
31 36.142       0.9923155587
32 32.3837       0.9019448235
33 44.9979       1.6919742509
34 40.266       0.3634267023
35 40.5049       0.7114179567
36 40.7249       0.5399577870
37 40.2756       0.5347380800
38 48.5871       3.0227305241
39 43.6583       1.9787168030
40 43.7001       1.5685872722
41 39.2995       1.5756382641
42 40.6042       0.5450729067
43 36.4147       0.8386471222
44 41.9792       1.4888834634
45 38.9839       0.1235589806
46 31.4287       0.2535316973
47 31.0164       0.2725496403
48 35.7052       0.7016080110
49 32.8338       0.6290751105
50 41.6259       0.5963640567
51 33.8431       1.0015871720
52 41.8038       1.1327340858
53 32.2335       0.3047620805
54 40.7702       0.6135694877
55 42.0596       1.6576305875
56 36.3326       0.5581529936
57 37.6855       1.0431950312
58 33.4542       0.4367458322
59 31.1142       0.2409477441
60 42.3014       0.7921404749
61 41.3065       2.6027297662
62 43.8071       2.1111131598
63 42.637       0.6592314680
64 35.3736       0.5884484782
65 35.1069       0.5177019972
66 40.1463       0.5292074413
67 38.8245       1.7084711146
68 40.4938       1.0763280440
69 38.2288       1.0255885569
70 39.8637       0.6483674931
71 39.735       1.3492734840
72 38.4385       1.8786299991
73 34.3763       0.7024773447
74 37.8574       1.6142487092
75 42.4943       0.9824816156
76 32.3948       0.2501037493
77 35.8666       1.1063350391
78 34.8362       0.3832088578
79 33.4232       0.3696360384
80 37.3529       0.9408419277
81 44.9778       1.9292477668
82 37.0008       1.1374010341
83 40.7795       0.7020466663
84 41.0638       1.3697662840
85 38.4125       2.1042673461
86 40.0222       0.4717456284
87 41.4231       0.7800458639
88 42.7102       1.5793962621
89 41.3001       0.4397849673
90 43.8339       2.4249017879
91 35.7419       1.0715721740
92 41.8541       0.4930221457
93 39.1078       0.3534476116
94 40.6771       0.6553283421
95 34.6781       2.3334998614
96 38.8576       1.0287355477
97 41.9554       0.6580441937
98 36.51       0.9864819178
99 32.9572       0.5842954978
100 40.8658       0.8467385892
101 37.2674       0.3680574875
102 38.5417       0.9203283243
103 38.6751       0.2698967715
104 33.3911       2.9041294767
105 40.2672       0.5607952725
106 40.5057       0.6364941897
107 38.6695       0.4920989710
108 40.1448       0.3613124085
109 33.5859       1.0293626247
110 40.893       0.9522521097
111 40.0867       2.0493624814
112 34.6153       0.2517299765
113 33.8966       1.0034025288
114 33.9607       1.2828898825
115 40.2183       0.9309998058
116 35.055       0.9272282143
117 37.2354       0.5922360939
118 37.2758       0.5204042400
119 40.141       0.7775729605
120 38.2799       0.3562022108
121 38.6115       0.2960484845
122 40.83       0.6190710197
123 40.7038       2.0484765181
124 37.7119       0.4708463859
125 34.637       0.6101542039
126 34.7929       0.3139464853
127 34.2877       1.5321422368
128 39.6897       0.4177971019
129 34.7389       0.3270676635
130 40.0007       0.6588013712
131 35.4837       0.8249012533
132 40.2383       0.2839324514
133 40.2674       0.5956755428
134 38.5435       0.2083571978
135 32.7093       2.9670322803
136 34.7504       2.7182552827
137 39.197       2.3634418787
138 38.5391       0.1805552285
139 37.2775       0.5964263167
140 40.3397       1.5515047304
141 39.7477       0.6678951851
142 40.4162       1.7868580828
143 38.9607       1.3310802925
144 40.5935       0.6603900284
145 37.3293       0.9533000941
146 38.7932       0.5889596253
147 39.5322       0.1099882039
148 39.9781       2.9782485006
149 33.5888       2.5662941832
150 41.5784       1.1541065153
151 41.0067       0.5642149133
152 40.5786       2.3786781717
153 38.64       0.6490011930
154 38.205       0.3022434774
155 41.9777       0.8857591010
156 41.6323       0.7755455978
157 41.7599       0.6950012105
158 37.8263       0.3606232593
159 40.0677       0.7263088521
160 41.5066       1.4097395552
161 36.3233       4.8857340196
162 38.8966       5.0058787966
163 41.8857       0.4318393948
164 35.4148       1.5580080707
165 40.3618       2.4782688361
166 41.696       0.4495519744
167 41.3819       0.3862007801
168 35.183       0.3363034319
169 36.0084       0.7518148127
170 39.4447       1.3358615434
171 35.5541       1.1716339554
172 34.8541       2.1950946228
173 40.0014       1.0824901200
174 41.9739       0.6197939716
175 39.0216       0.7811910794
176 41.5422       0.8376864319
177 38.5803       1.2030390101
178 36.7457       0.3991554087
179 40.762       0.8634245473
180 38.6174       0.1824268002
181 35.1374       0.5188647642
182 38.6366       0.7771131917
183 36.0666       1.3906637579
184 38.1597       0.2899104468
185 38.4742       0.7094376515
186 34.2073       2.2987245681
187 38.2878       1.1144478289
188 39.1611       0.8710990119
189 39.6686       3.2730084225
190 41.1619       2.4114729248
191 36.5641       0.9784517061
192 37.7352       5.1649353133
193 38.1792       0.3506448890
194 41.096       2.9244918459
195 39.7852       1.4778842247
196 39.5325       0.9621849509
197 39.6962       0.7457153588
198 34.8891       0.7186721846
199 38.7272       0.3691002338
200 38.3566       1.3658600805
201 40.4374       1.0612337186
202 42.2071       0.4593229418
203 40.4016       0.3971396246
204 40.4101       0.7788654355
205 39.5487       1.5090501568
206 39.0869       0.6671105782
207 40.2748       0.6393782224
208 39.5684       0.5427140053
209 38.9174       1.2344540416
210 42.5797       0.9354482872
211 39.8587       0.9247394291
212 40.4833       0.6667132292
213 41.6246       0.2023709332
214 39.6163       0.5694668655
215 39.6591       0.7351217792
216 42.4614       2.1302025598
217 39.2892       1.4759193251
218 40.2749       0.9845950102
219 44.1982       2.6737179702
220 40.2034       0.7934299545
221 35.5141       0.4743511626
222 43.9898       1.3622472451
223 37.1054       0.5982153698
224 39.8749       0.7524090227
225 41.8455       0.6510038820
226 39.5984       1.8595301928
227 39.8797       0.9878813361
228 40.5164       0.6751980914
229 40.4388       1.4204562382
230 39.9823       0.4074367001
231 41.7301       0.6168568466
232 39.797       0.6006051268
233 38.458       0.9600268459
234 40.1164       0.4691594207
235 41.231       0.8524391501
236 42.1856       1.2719715604
237 38.9681       0.9286293748
238 38.8697       6.5614755406
239 39.8509       0.3433800595
240 38.3858       1.6315001154
241 44.274       2.7621365101
242 40.4103       1.4007549910
243 41.5413       0.8591705426
244 35.6986       0.5397131181
245 40.036       0.8333364999
246 38.6315       0.6379304963
247 36.8136       0.4740706669
248 37.1113       2.1248236739
249 39.58       0.3675856516
250 38.3368       0.7917780893
251 40.9194       0.9063504126
252 35.3562       0.2778185102
253 34.7597       0.5236620633
254 34.5511       0.6550176293
255 40.9305       0.3820439795
256 34.9352       0.6252577312
257 35.8767       0.7229796187
258 42.9018       1.7006758628
259 41.1213       0.5794397568
260 35.597       0.3223149932
261 42.552       1.3463732296
262 38.7525       0.8422630667
263 36.5871       0.4530014826
264 36.0039       0.4906642261
265 34.8018       0.5961054829
266 33.8334       0.5466284142
267 38.9248       0.5383688078
268 34.9052       0.4221724928
269 39.2213       0.7885289569
270 36.3134       0.9170842119
271 36.8164       0.4712659850
272 38.7469       0.4058466706
273 34.6076       1.5349238480
274 36.159       0.6898354419
275 34.6789       0.5592047286
276 35.062       0.4815366076
277 38.8061       0.6348485650
278 34.678       1.0613562136
279 34.9684       0.4032664028
280 40.6178       0.5120551032
281 34.7807       0.6444292761
282 35.6362       0.3641159996
283 34.6458       0.6218588063
284 34.9899       0.5818110738
285 35.4265       0.8209247509
286 35.9997       0.7481585681
287 35.8412       0.5587463879
288 41.0157       2.3441850841
289 41.4093       3.5781234673
290 34.7605       0.4999734296
291 36.8847       0.5790402692
292 35.086       0.9914377425
293 41.6646       0.8428006436
294 34.5104       1.0122576571
295 35.5298       1.1684429611
296 34.5106       0.7622980065
297 37.0929       0.3318602617
298 38.9339       0.9557199759
299 34.7657       0.2168790612
300 43.3083       0.8001360535
301 42.3582       0.7825479496
302 42.4595       1.4688845362
303 41.0987       0.4731163509
304 41.7857       1.0257274502
305 41.3961       1.1351249175
306 41.5883       0.7342862387
307 42.7826       0.9247261117
308 41.4934       0.6628531487
309 42.8688       0.7869944023
310 40.6488       0.9030846533
311 41.7851       0.4916769746
312 41.5381       0.5625205980
313 42.9439       0.8686082822
314 40.9464       0.3827934449
315 42.3124       0.3246539012
316 42.0199       0.7387734954
317 41.2781       1.2977226217
318 41.945       0.3044533323
319 41.1614       0.9602188393
320 42.2103       0.5567541685
321 40.657       1.1191046300
322 42.3866       0.4478190532
323 40.695       0.6235078356
324 41.56       1.3576631543
325 41.2091       0.5413695311
326 42.4162       0.4009966397
327 42.5761       0.6063020180
328 42.0922       0.8423602341
329 42.7653       0.8989726948
330 41.1532       0.3312996836
331 40.6108       1.0569933641
332 41.8693       1.0395750681
333 41.2717       0.7323930043
334 42.7168       0.5918939484
335 43.3734       0.2572366780
336 42.9021       0.7936212783
337 41.9379       1.2641196167
338 42.7905       0.7291667815
339 41.9275       0.8482363456
340 42.4989       0.7673037198
341 42.3238       0.9480635469
342 41.3048       1.2359446877
343 41.7901       0.7144580932
344 41.8653       1.1320635100
345 42.14       1.0025551525
346 41.6422       0.6501367539
347 42.2819       0.6543243155
348 41.5742       0.4240459388
349 41.6894       1.2547069577
350 43.7856       0.7812774467
351 43.2694       0.4973482228
352 41.567       0.4781002051
353 43.0725       0.3271157798
354 42.5797       0.7863751515
355 42.9666       0.9181929548
356 42.8731       0.5163117461
357 42.4392       0.8507707071
358 43.4497       0.6767872691
359 43.5063       0.7607916362
360 42.1902       0.2387885413
361 42.9647       0.7975986053
362 43.0412       0.4265845678
363 42.3724       0.7514742692
364 41.8559       1.0388627782
365 42.537       0.6353011923
366 42.3107       0.6588549785
367 44.4764       1.0486932322
368 42.3886       0.4076861797
369 44.2881       0.7095098389
370 43.3708       0.4788319461
371 41.353       0.4529169778
372 42.8152       1.2781963730
373 42.9619       0.6583923463
374 42.7733       0.7464401589
375 44.0264       0.5613482045
376 43.1119       0.7942072229
377 43.2105       0.6148293610
378 42.4731       0.9571575446
379 42.9786       0.5184371321
380 41.3785       0.7372226441
381 43.0877       0.1204827624
382 41.7204       1.0703895095
383 42.4273       1.0229657021
384 43.7791       1.1715096159
385 42.9324       0.3310998003
386 43.82       1.0493660062
387 44.0475       0.4896621329
388 43.4652       0.9646170293
389 43.2538       0.8163590343
390 42.2292       0.5478556812
391 43.1275       0.5354749625
392 41.8754       0.3476564160
393 43.4288       0.8651918473
394 42.9236       0.4889091994
395 42.3057       0.4827552822
396 43.2977       0.5920333183
397 44.1067       0.8133420301
398 43.0252       0.6410288984
399 43.434       0.4691499175
400 44.843       0.3859623314
401 44.6033       0.4279376896
402 43.1167       0.7016886047
403 42.6602       0.4877820508
404 43.6608       0.8001216909
405 41.4754       0.5427993263
406 44.5933       0.7218587542
407 42.624       1.0141254150
408 44.5562       1.2554173761
409 45.2139       0.6232188733
410 42.0936       0.5048391495
411 44.1559       0.5191296895
412 44.5296       0.7274680336
413 43.4707       1.3835417691
414 43.7713       1.3459889072
415 44.5988       1.1020682600
416 42.6278       0.8254787345
417 44.1362       0.5158942638
418 42.9646       0.4042287568
419 43.6566       0.9448286258
420 44.2785       0.9551348145
421 44.9723       1.2277541261
422 43.6613       0.6222512305
423 43.2568       0.2572877891
424 45.2309       0.9038444916
425 43.0256       0.3212977499
426 44.613       0.6478030643
427 43.0529       0.2752655762
428 44.6867       0.6690661405
429 44.8456       0.6681106171
430 43.2626       0.4497478670
431 43.5333       0.6116931487
432 47.0454       0.8410627828
433 45.1862       0.8727291027
434 44.6397       0.6776712857
435 43.797       0.4717496171
436 43.8498       1.3747930182
437 43.3502       0.7903382942
438 43.7046       0.5938167035
439 43.7881       1.0890781556
440 44.2035       0.7192102461
441 43.0029       0.7398743711
442 43.0306       0.6833743949
443 44.4278       1.0675604284
444 44.4133       1.0165036728
445 46.1911       1.2704531860
446 43.1378       0.5352746063
447 43.517       0.6288832940
448 44.2061       0.2935869303
449 44.227       0.5230933276
450 40.7985       0.4921597894
451 42.9397       0.8741808970
452 40.2048       0.7360820798
453 41.6522       0.8569278275
454 40.6576       0.5650271254
455 41.9854       0.8749676167
456 40.5976       0.5616350576
457 40.4364       1.3274840088
458 41.8441       0.7311421349
459 41.6507       0.3875311151
460 41.5868       0.8219054118
461 39.9895       0.6919770544
462 40.401       0.3171840214
463 39.9814       0.9235774802
464 40.1117       1.0716813409
465 42.2907       0.5222023602
466 39.8731       0.5877305218
467 41.2299       0.6031938058
468 42.0175       0.6466559836
469 42.26       0.9423613211
470 41.9148       0.3087036650
471 43.0402       1.1379370624
472 41.1598       1.3244228712
473 42.9801       0.3922233859
474 41.8528       1.0002207598
475 41.5431       1.3734237874
476 42.0339       0.3705513793
477 41.9679       0.4301518545
478 40.4907       1.3495792007
479 40.9557       0.5882103398
480 40.4784       0.6325706138
481 39.0435       1.0699865575
482 42.4981       0.4790968372
483 41.2614       0.3081123223
484 42.8494       1.1424569316
485 42.032       0.3660259318
486 40.4269       0.7462028072
487 42.8723       0.7953307653
488 40.525       0.7396860733
489 42.4483       0.5375222207
490 43.2931       0.4500754995
491 39.7235       0.7884299102
492 42.6603       1.0412251964
493 41.1324       0.8358534923
494 39.8097       1.1495005966
495 41.3071       0.9114905604
496 40.0578       1.0833078957
497 39.2349       0.6046729503
498 41.5688       0.6577616769
499 40.9647       0.7726848821
